0	0	1
0.6866490700	-0.0007436135	0.7269886530	-0.3023424477
0.7266123320	-0.0314859495	-0.6863258365	-1.1420304014
0.0234002892	0.9995039180	-0.0210794792	0.5025849884
0.0000000000	0.0000000000	0.0000000000	1.0000000000
1	1	2
0.7086169472	-0.0104622135	0.7055158143	-0.3018574167
0.7045904106	-0.0428021077	-0.7083221956	-1.1615344879
0.0376081819	0.9990287892	-0.0229587236	0.5094118328
0.0000000000	0.0000000000	0.0000000000	1.0000000000
2	2	3
0.7342185444	-0.0181050050	0.6786717453	-0.2914940791
0.6776316292	-0.0418501334	-0.7342097394	-1.1759897738
0.0416953741	0.9989598466	-0.0184586200	0.5126817678
0.0000000000	0.0000000000	0.0000000000	1.0000000000
3	3	4
0.7521650213	-0.0219455563	0.6586092721	-0.2722524368
0.6567211825	-0.0576228657	-0.7519287824	-1.1861319889
0.0544524491	0.9980971886	-0.0289297923	0.5122529446
0.0000000000	0.0000000000	0.0000000000	1.0000000000
4	4	5
0.7801011057	-0.0289473982	0.6249834502	-0.2505034978
0.6225411814	-0.0635997262	-0.7799984310	-1.1978927087
0.0623277015	0.9975555739	-0.0315932692	0.5109234469
0.0000000000	0.0000000000	0.0000000000	1.0000000000
5	5	6
0.8113534474	-0.0357655611	0.5834607168	-0.2358475053
0.5811562935	-0.0581368610	-0.8117126757	-1.2074494907
0.0629519339	0.9976677453	-0.0263841617	0.5107759575
0.0000000000	0.0000000000	0.0000000000	1.0000000000
6	6	7
0.8344587088	-0.0377965431	0.5497727573	-0.2298267868
0.5475814577	-0.0552146494	-0.8349286734	-1.2143188870
0.0619129276	0.9977588706	-0.0253776589	0.5118873126
0.0000000000	0.0000000000	0.0000000000	1.0000000000
7	7	8
0.8557585667	-0.0348722655	0.5161987996	-0.2316850168
0.5143918823	-0.0496463662	-0.8561169486	-1.2225330197
0.0554821322	0.9981578850	-0.0245472928	0.5109291116
0.0000000000	0.0000000000	0.0000000000	1.0000000000
8	8	9
0.8744357656	-0.0394582380	0.4835340105	-0.2433986983
0.4806381654	-0.0650230797	-0.8745049760	-1.2464190997
0.0659472960	0.9971033279	-0.0378933713	0.5100486277
0.0000000000	0.0000000000	0.0000000000	1.0000000000
9	9	10
0.8814995136	-0.0294953078	0.4712628082	-0.2588354915
0.4688867622	-0.0630781982	-0.8810030336	-1.2735610304
0.0557118645	0.9975726378	-0.0417734417	0.5077331211
0.0000000000	0.0000000000	0.0000000000	1.0000000000
10	10	11
0.8839460916	-0.0265579225	0.4668340004	-0.2783217652
0.4651505974	-0.0518800574	-0.8837100098	-1.3010695420
0.0476888767	0.9983001234	-0.0335057404	0.5104749665
0.0000000000	0.0000000000	0.0000000000	1.0000000000
11	11	12
0.8853329570	-0.0224215500	0.4644166548	-0.2955782066
0.4629154551	-0.0510062154	-0.8849336966	-1.3301879843
0.0435297211	0.9984466135	-0.0347782015	0.5119680808
0.0000000000	0.0000000000	0.0000000000	1.0000000000
12	12	13
0.8817095567	-0.0154931335	0.4715381432	-0.3097933927
0.4702291134	-0.0524419127	-0.8809849186	-1.3590466742
0.0383775791	0.9985037850	-0.0389532131	0.5111803711
0.0000000000	0.0000000000	0.0000000000	1.0000000000
13	13	14
0.8777274081	-0.0130417760	0.4789827859	-0.3242105188
0.4777628612	-0.0524690408	-0.8769205484	-1.3866021040
0.0365683687	0.9985373863	-0.0398226389	0.5113677627
0.0000000000	0.0000000000	0.0000000000	1.0000000000
14	14	15
0.8770014438	-0.0136220445	0.4802946049	-0.3513708738
0.4789239560	-0.0557987594	-0.8760812421	-1.4221196623
0.0387338608	0.9983491064	-0.0424116691	0.5100319866
0.0000000000	0.0000000000	0.0000000000	1.0000000000
15	15	16
0.8775926124	0.0105338179	0.4792913993	-0.3872558118
0.4791860039	-0.0496366598	-0.8763087217	-1.4623901503
0.0145595476	0.9987117906	-0.0486084240	0.5066546103
0.0000000000	0.0000000000	0.0000000000	1.0000000000
16	16	17
0.8890978974	0.0217330244	0.4572008361	-0.4190142170
0.4576777898	-0.0553001735	-0.8873967160	-1.5087709382
0.0059974710	0.9982332225	-0.0591139906	0.5003494355
0.0000000000	0.0000000000	0.0000000000	1.0000000000
17	17	18
0.9128272647	0.0094535848	0.4082364690	-0.4467156229
0.4079632822	-0.0643815912	-0.9107255191	-1.5697074537
0.0176732925	0.9978805742	-0.0626259873	0.5001335027
0.0000000000	0.0000000000	0.0000000000	1.0000000000
18	18	19
0.9368091083	-0.0070064000	0.3497707892	-0.4713443695
0.3485915495	-0.0657273096	-0.9349673002	-1.6456760481
0.0295402479	0.9978130241	-0.0591315704	0.5022165230
0.0000000000	0.0000000000	0.0000000000	1.0000000000
19	19	20
0.9530473539	-0.0077436054	0.3027222783	-0.4908105420
0.3015982273	-0.0654843434	-0.9511836363	-1.7274097815
0.0271891604	0.9978235502	-0.0600742226	0.5038694872
0.0000000000	0.0000000000	0.0000000000	1.0000000000
20	20	21
0.9802173949	-0.0317056310	0.1953678882	-0.5195545568
0.1930014171	-0.0656565797	-0.9789993190	-1.8504380619
0.0438669785	0.9973384413	-0.0582384898	0.5119662259
0.0000000000	0.0000000000	0.0000000000	1.0000000000
21	21	22
0.9901535910	-0.0453788071	0.1324259422	-0.5445739854
0.1292247137	-0.0674195767	-0.9893207640	-1.8871457721
0.0538222971	0.9966922115	-0.0608916726	0.5151116384
0.0000000000	0.0000000000	0.0000000000	1.0000000000
22	22	23
0.9955511740	-0.0496912614	0.0800539729	-0.5755926179
0.0765562025	-0.0686987788	-0.9946957453	-1.9178452802
0.0549272965	0.9963991451	-0.0645889756	0.5137260881
0.0000000000	0.0000000000	0.0000000000	1.0000000000
23	23	24
0.9985073400	-0.0413530416	0.0356793774	-0.6093968347
0.0329756520	-0.0643152922	-0.9973846548	-1.9492771781
0.0435396187	0.9970724493	-0.0628556478	0.5147674366
0.0000000000	0.0000000000	0.0000000000	1.0000000000
24	24	25
0.9984862215	-0.0468348367	-0.0288403110	-0.6406780529
-0.0314203782	-0.0553205720	-0.9979741450	-1.9743122572
0.0451444936	0.9973696067	-0.0567083972	0.5172829655
0.0000000000	0.0000000000	0.0000000000	1.0000000000
25	25	26
0.9942242028	-0.0459604669	-0.0969838651	-0.6676493157
-0.0991617242	-0.0477424110	-0.9939253567	-1.9921492128
0.0410510300	0.9978017326	-0.0520241796	0.5197694293
0.0000000000	0.0000000000	0.0000000000	1.0000000000
26	26	27
0.9864152917	-0.0468588581	-0.1574456087	-0.6955720697
-0.1596312690	-0.0472536717	-0.9860451047	-2.0053909877
0.0387650645	0.9977832119	-0.0540918833	0.5201849192
0.0000000000	0.0000000000	0.0000000000	1.0000000000
27	27	28
0.9778664412	-0.0424874795	-0.2048707817	-0.7189753783
-0.2067853452	-0.0470054208	-0.9772565228	-2.0142291393
0.0318911292	0.9979906335	-0.0547508116	0.5201052082
0.0000000000	0.0000000000	0.0000000000	1.0000000000
28	28	29
0.9672148559	-0.0509734605	-0.2487913360	-0.7425748197
-0.2511336772	-0.0462393420	-0.9668473506	-2.0214231645
0.0377796075	0.9976290040	-0.0575245311	0.5228654765
0.0000000000	0.0000000000	0.0000000000	1.0000000000
29	29	30
0.9529531026	-0.0550513375	-0.2980767259	-0.7697944650
-0.3006411792	-0.0462101993	-0.9526171838	-2.0308772301
0.0386686652	0.9974136392	-0.0605868518	0.5230701238
0.0000000000	0.0000000000	0.0000000000	1.0000000000
30	30	31
0.9369143446	-0.0472011716	-0.3463575615	-0.7973424802
-0.3482672143	-0.0409393184	-0.9365008914	-2.0388831709
0.0300242968	0.9980461019	-0.0547952552	0.5226857124
0.0000000000	0.0000000000	0.0000000000	1.0000000000
31	31	32
0.9043139977	-0.0556027030	-0.4232310633	-0.8502003347
-0.4253917568	-0.0350029993	-0.9043321532	-2.0511009548
0.0354689555	0.9978392303	-0.0553066337	0.5217809219
0.0000000000	0.0000000000	0.0000000000	1.0000000000
32	32	33
0.8922256873	-0.0565346644	-0.4480370014	-0.8808604568
-0.4500995435	-0.0307951462	-0.8924472309	-2.0609135006
0.0366568398	0.9979255938	-0.0529224471	0.5207043781
0.0000000000	0.0000000000	0.0000000000	1.0000000000
33	33	34
0.8861516999	-0.0502312304	-0.4606647244	-0.9158287692
-0.4624819461	-0.0334847188	-0.8859961756	-2.0748837010
0.0290794492	0.9981761353	-0.0529035777	0.5178171793
0.0000000000	0.0000000000	0.0000000000	1.0000000000
34	34	35
0.8705712254	-0.0600442276	-0.4883650604	-0.9547195668
-0.4909308703	-0.0393195712	-0.8703107789	-2.0977277970
0.0330548337	0.9974210054	-0.0637080522	0.5145582060
0.0000000000	0.0000000000	0.0000000000	1.0000000000
35	35	36
0.8508591597	-0.0711373409	-0.5205556349	-0.9866009842
-0.5238495993	-0.0389571274	-0.8509194671	-2.1342543323
0.0402527960	0.9967054836	-0.0704122962	0.5141974768
0.0000000000	0.0000000000	0.0000000000	1.0000000000
36	36	37
0.8232560785	-0.0782439556	-0.5622520010	-1.0166308164
-0.5654741058	-0.0259961332	-0.8243562560	-2.1827442048
0.0498845164	0.9965952461	-0.0656464055	0.5147888925
0.0000000000	0.0000000000	0.0000000000	1.0000000000
37	37	38
0.7385708733	-0.0745158989	-0.6700451073	-1.0802894066
-0.6710342969	0.0145820310	-0.7412828993	-2.2839204653
0.0650079801	0.9971132058	-0.0392328605	0.5275981711
0.0000000000	0.0000000000	0.0000000000	1.0000000000
38	38	39
0.7273321459	-0.0640408810	-0.6832910910	-1.1087368847
-0.6848862145	-0.0041830668	-0.7286380275	-2.3246112993
0.0438043689	0.9979385089	-0.0469031955	0.5238292238
0.0000000000	0.0000000000	0.0000000000	1.0000000000
39	39	40
0.7519793964	-0.0627006392	-0.6561978492	-1.1354761570
-0.6579088739	-0.0094374164	-0.7530384113	-2.3610022864
0.0410231774	0.9979877580	-0.0483480496	0.5197700724
0.0000000000	0.0000000000	0.0000000000	1.0000000000
40	40	41
0.7986271034	-0.0669707630	-0.5980883434	-1.1694052123
-0.6001306395	-0.0140747212	-0.7997781678	-2.3947168689
0.0451438274	0.9976556616	-0.0514316606	0.5178948406
0.0000000000	0.0000000000	0.0000000000	1.0000000000
41	41	42
0.8611400416	-0.0660287636	-0.5040615351	-1.2141918133
-0.5069112690	-0.0365242498	-0.8612240966	-2.4337292203
0.0384550929	0.9971490268	-0.0649232183	0.5198962060
0.0000000000	0.0000000000	0.0000000000	1.0000000000
42	42	43
0.9187705067	-0.0589731523	-0.3903625537	-1.2462498297
-0.3932750436	-0.0501190012	-0.9180538251	-2.4676077441
0.0345759467	0.9970006284	-0.0692405292	0.5260525716
0.0000000000	0.0000000000	0.0000000000	1.0000000000
43	43	44
0.9531876924	-0.0703776574	-0.2940751748	-1.2573380532
-0.2983777960	-0.0612215927	-0.9524823397	-2.4975585606
0.0490297252	0.9956399459	-0.0793547990	0.5256162023
0.0000000000	0.0000000000	0.0000000000	1.0000000000
44	44	45
0.9705007648	-0.0791773003	-0.2277261967	-1.2633804681
-0.2337386450	-0.0773971635	-0.9692140759	-2.5396210493
0.0591143922	0.9938514146	-0.0936208012	0.5220537868
0.0000000000	0.0000000000	0.0000000000	1.0000000000
45	45	46
0.9847506468	-0.0749945617	-0.1569776394	-1.2629431538
-0.1634004058	-0.0889633486	-0.9825404979	-2.5962333397
0.0597199375	0.9932076008	-0.0998608569	0.5147726120
0.0000000000	0.0000000000	0.0000000000	1.0000000000
46	46	47
0.9950603464	-0.0612242749	-0.0781440670	-1.2630015851
-0.0839138438	-0.0981569589	-0.9916267837	-2.6640430031
0.0530412469	0.9932858600	-0.1028096617	0.5106833156
0.0000000000	0.0000000000	0.0000000000	1.0000000000
47	47	48
0.9982741511	-0.0551150449	-0.0202743961	-1.2596934430
-0.0259218950	-0.1037658137	-0.9942639042	-2.7182578995
0.0526951105	0.9930735057	-0.1050154160	0.5062251300
0.0000000000	0.0000000000	0.0000000000	1.0000000000
48	48	49
0.9975622613	-0.0654403417	0.0242300738	-1.2599948031
0.0169350490	-0.1098140970	-0.9938078628	-2.7556105870
0.0676959298	0.9917955564	-0.1084381635	0.5095935468
0.0000000000	0.0000000000	0.0000000000	1.0000000000
49	49	50
0.9948391045	-0.0575892949	0.0835381903	-1.2677390243
0.0771211386	-0.1058458091	-0.9913874090	-2.7918608055
0.0659354692	0.9927135225	-0.1008581979	0.5113868913
0.0000000000	0.0000000000	0.0000000000	1.0000000000
50	50	51
0.9851098236	-0.0374833102	0.1677904556	-1.2785528367
0.1633826320	-0.0997264558	-0.9815094241	-2.8267333373
0.0535233696	0.9943086218	-0.0921173894	0.5138210723
0.0000000000	0.0000000000	0.0000000000	1.0000000000
51	51	52
0.9717571153	-0.0329351275	0.2336736747	-1.2956039181
0.2297478372	-0.0940848670	-0.9686918855	-2.8655405413
0.0538891473	0.9950192537	-0.0838608647	0.5174784122
0.0000000000	0.0000000000	0.0000000000	1.0000000000
52	52	53
0.9607250058	-0.0228807822	0.2765572871	-1.3140715226
0.2733608659	-0.0934992179	-0.9573566385	-2.8985983091
0.0477629588	0.9953564015	-0.0835723263	0.5175800296
0.0000000000	0.0000000000	0.0000000000	1.0000000000
53	53	54
0.9503352821	-0.0048635241	0.3111899705	-1.3329860679
0.3093460986	-0.0950284511	-0.9461895079	-2.9207431711
0.0341737163	0.9954626762	-0.0888043777	0.5156852527
0.0000000000	0.0000000000	0.0000000000	1.0000000000
54	54	55
0.9432248465	0.0022402072	0.3321473624	-1.3423284056
0.3307991009	-0.0965947901	-0.9387445879	-2.9390536308
0.0299807224	0.9953212687	-0.0918516646	0.5126304087
0.0000000000	0.0000000000	0.0000000000	1.0000000000
55	55	56
0.9392910145	0.0077929623	0.3430330302	-1.3352020399
0.3423366023	-0.0888689124	-0.9353651518	-2.9619231026
0.0231957070	0.9960128444	-0.0861415871	0.5133459105
0.0000000000	0.0000000000	0.0000000000	1.0000000000
56	56	57
0.9368618980	0.0073847664	0.3496215800	-1.3282928736
0.3490101855	-0.0824909666	-0.9334811893	-3.0101621819
0.0219470816	0.9965644513	-0.0798600023	0.5130984097
0.0000000000	0.0000000000	0.0000000000	1.0000000000
57	57	58
0.9357183739	0.0128265014	0.3525146884	-1.3234607584
0.3525528077	-0.0672426504	-0.9333728857	-3.0750141486
0.0117321133	0.9976542020	-0.0674422026	0.5126542395
0.0000000000	0.0000000000	0.0000000000	1.0000000000
58	58	59
0.9373896568	-0.0023784763	0.3482742801	-1.3205221142
0.3469378156	-0.0814068232	-0.9343484796	-3.1276501389
0.0305742285	0.9966781185	-0.0754847307	0.5128047466
0.0000000000	0.0000000000	0.0000000000	1.0000000000
59	59	60
0.9390527790	-0.0062148052	0.3437168230	-1.3236237158
0.3418037686	-0.0899854993	-0.9354532557	-3.1649340811
0.0367431897	0.9959236849	-0.0823768894	0.5134715838
0.0000000000	0.0000000000	0.0000000000	1.0000000000
60	60	61
0.9412536910	-0.0067830792	0.3376321652	-1.3410418804
0.3355630921	-0.0935178210	-0.9373642987	-3.1967678758
0.0379328406	0.9955944993	-0.0857478432	0.5095291648
0.0000000000	0.0000000000	0.0000000000	1.0000000000
61	61	62
0.9483783412	0.0024761431	0.3171315037	-1.3697395482
0.3163193737	-0.0793264024	-0.9453302998	-3.2255942698
0.0228161282	0.9968456202	-0.0760146939	0.5130007923
0.0000000000	0.0000000000	0.0000000000	1.0000000000
62	62	63
0.9596273542	0.0087195394	0.2811393085	-1.4026312405
0.2811131004	-0.0635864440	-0.9575657622	-3.2480732782
0.0095271165	0.9979382415	-0.0634704678	0.5177137580
0.0000000000	0.0000000000	0.0000000000	1.0000000000
63	63	64
0.9693062839	0.0078534273	0.2457308519	-1.4345954934
0.2457338270	-0.0624934216	-0.9673207630	-3.2699392125
0.0077597784	0.9980144768	-0.0625051190	0.5182656089
0.0000000000	0.0000000000	0.0000000000	1.0000000000
64	64	65
0.9773096118	0.0013451792	0.2118115040	-1.4651327335
0.2115266963	-0.0584241896	-0.9756244517	-3.2869167782
0.0110625257	0.9982909418	-0.0573830634	0.5200284851
0.0000000000	0.0000000000	0.0000000000	1.0000000000
65	65	66
0.9848729751	-0.0053507192	0.1731952447	-1.4940965855
0.1725168775	-0.0632944458	-0.9829708745	-3.2983395951
0.0162218981	0.9979805524	-0.0614138998	0.5193327051
0.0000000000	0.0000000000	0.0000000000	1.0000000000
66	66	67
0.9919432647	-0.0142001498	0.1258845318	-1.5201749589
0.1245335717	-0.0729664541	-0.9895288202	-3.3083624367
0.0232368054	0.9972332988	-0.0706101874	0.5168126290
0.0000000000	0.0000000000	0.0000000000	1.0000000000
67	67	68
0.9977560919	-0.0236163410	0.0626502152	-1.5460775659
0.0607944989	-0.0724605758	-0.9955166969	-3.3169300017
0.0280501324	0.9970916374	-0.0708622373	0.5164811132
0.0000000000	0.0000000000	0.0000000000	1.0000000000
68	68	69
0.9994876568	-0.0319865903	-0.0011321924	-1.5727886137
-0.0034944767	-0.0738933427	-0.9972600275	-3.3253104149
0.0318152865	0.9967530446	-0.0739672604	0.5163597630
0.0000000000	0.0000000000	0.0000000000	1.0000000000
69	69	70
0.9973476515	-0.0406300846	-0.0603892234	-1.6021083099
-0.0632584250	-0.0734923762	-0.9952875174	-3.3333027672
0.0360004685	0.9964677952	-0.0758676440	0.5161919164
0.0000000000	0.0000000000	0.0000000000	1.0000000000
70	70	71
0.9921404757	-0.0457892656	-0.1164500738	-1.6346209126
-0.1195469205	-0.0719992740	-0.9902144406	-3.3401829629
0.0369568713	0.9963530738	-0.0769073597	0.5159321630
0.0000000000	0.0000000000	0.0000000000	1.0000000000
71	71	72
0.9873325427	-0.0399503447	-0.1535526624	-1.6700963885
-0.1561820640	-0.0741848906	-0.9849384574	-3.3471570173
0.0279573434	0.9964439633	-0.0794846840	0.5148220377
0.0000000000	0.0000000000	0.0000000000	1.0000000000
72	72	73
0.9838539725	-0.0364815803	-0.1752154531	-1.7033181298
-0.1775278128	-0.0747624048	-0.9812718576	-3.3534607317
0.0226988195	0.9965338314	-0.0800317841	0.5137006073
0.0000000000	0.0000000000	0.0000000000	1.0000000000
73	73	74
0.9810794738	-0.0380366726	-0.1898322357	-1.7280604313
-0.1922049425	-0.0736299602	-0.9785887231	-3.3605020860
0.0232449190	0.9965600035	-0.0795476791	0.5125505433
0.0000000000	0.0000000000	0.0000000000	1.0000000000
74	74	75
0.9756508091	-0.0428633407	-0.2151005178	-1.7484708824
-0.2178775125	-0.0767412584	-0.9729543508	-3.3757533342
0.0251969894	0.9961292653	-0.0842116289	0.5139517459
0.0000000000	0.0000000000	0.0000000000	1.0000000000
75	75	76
0.9711403071	-0.0400895506	-0.2351155715	-1.7687582355
-0.2375768786	-0.0755326805	-0.9684276127	-3.4009138505
0.0210649185	0.9963371127	-0.0828771808	0.5161927824
0.0000000000	0.0000000000	0.0000000000	1.0000000000
76	76	77
0.9652370380	-0.0426506716	-0.2578727993	-1.7978852583
-0.2603714283	-0.0704795326	-0.9629326845	-3.4419458973
0.0228949713	0.9966010012	-0.0791344716	0.5177022133
0.0000000000	0.0000000000	0.0000000000	1.0000000000
77	77	78
0.9541421487	-0.0444957833	-0.2960285212	-1.8339093286
-0.2985467495	-0.0688707880	-0.9519068510	-3.4958820391
0.0219681234	0.9966328009	-0.0789965931	0.5228579755
0.0000000000	0.0000000000	0.0000000000	1.0000000000
78	78	79
0.9401750738	-0.0447218773	-0.3377436667	-1.8649771695
-0.3398750778	-0.0545214222	-0.9388888891	-3.5494948688
0.0235746087	0.9975105855	-0.0664595337	0.5277781157
0.0000000000	0.0000000000	0.0000000000	1.0000000000
79	79	80
0.9226323876	-0.0632235586	-0.3804632164	-1.8916959666
-0.3836217214	-0.0486450320	-0.9222082388	-3.5907009645
0.0397976413	0.9968131432	-0.0691354124	0.5286665273
0.0000000000	0.0000000000	0.0000000000	1.0000000000
80	80	81
0.9061247276	-0.0709357576	-0.4170204986	-1.9240217805
-0.4211545504	-0.0590340447	-0.9050656475	-3.6201026879
0.0395831106	0.9957324439	-0.0833671248	0.5250600983
0.0000000000	0.0000000000	0.0000000000	1.0000000000
81	81	82
0.8963020220	-0.0735942414	-0.4372946067	-1.9637999355
-0.4417167344	-0.0612149159	-0.8950637188	-3.6439441253
0.0391025828	0.9954077666	-0.0873748608	0.5208998345
0.0000000000	0.0000000000	0.0000000000	1.0000000000
82	82	83
0.9010362170	-0.0455208492	-0.4313485690	-1.9989616943
-0.4329177852	-0.0330350907	-0.9008278826	-3.6628215762
0.0267568111	0.9984170146	-0.0494725984	0.5359186551
0.0000000000	0.0000000000	0.0000000000	1.0000000000
83	83	84
0.9101281106	-0.0126766973	-0.4141329782	-2.0237955333
-0.4140677694	0.0075200092	-0.9102149921	-3.6712915205
0.0146528038	0.9998913695	0.0015951600	0.5566721663
0.0000000000	0.0000000000	0.0000000000	1.0000000000
84	84	85
0.9195487648	0.0122022856	-0.3927864222	-2.0458980190
-0.3929757102	0.0295715080	-0.9190732382	-3.6791796915
0.0004004927	0.9994881841	0.0319876455	0.5677572905
0.0000000000	0.0000000000	0.0000000000	1.0000000000
85	85	86
0.9303395886	0.0284174518	-0.3655963598	-2.0728065048
-0.3664929904	0.0386316099	-0.9296184630	-3.6862203168
-0.0122938119	0.9988493616	0.0463553130	0.5747963177
0.0000000000	0.0000000000	0.0000000000	1.0000000000
86	86	87
0.9418569518	0.0411299607	-0.3334873440	-2.1073263883
-0.3352236160	0.0469791558	-0.9409665702	-3.6985834854
-0.0230349641	0.9980487389	0.0580353786	0.5754319097
0.0000000000	0.0000000000	0.0000000000	1.0000000000
87	87	88
0.9481437671	0.0463406695	-0.3144454472	-2.1431312911
-0.3171032630	0.0705143739	-0.9457659561	-3.7207248544
-0.0216545038	0.9964337737	0.0815525416	0.5803594900
0.0000000000	0.0000000000	0.0000000000	1.0000000000
88	88	89
0.9550741269	0.0474463116	-0.2925444574	-2.1818223535
-0.2957524366	0.0890464879	-0.9511052619	-3.7564744905
-0.0190763801	0.9948967637	0.0990783589	0.5833797897
0.0000000000	0.0000000000	0.0000000000	1.0000000000
89	89	90
0.9606211025	0.0609943433	-0.2710844656	-2.2237188367
-0.2764263386	0.1107449623	-0.9546329308	-3.8005881265
-0.0282059698	0.9919754248	0.1232443908	0.5845532570
0.0000000000	0.0000000000	0.0000000000	1.0000000000
90	90	91
0.9700272347	0.0609375806	-0.2352313227	-2.2625058724
-0.2415634208	0.1368556399	-0.9606860297	-3.8473669916
-0.0263491491	0.9887148958	0.1474739883	0.5972381019
0.0000000000	0.0000000000	0.0000000000	1.0000000000
91	91	92
0.9790624496	0.0552891064	-0.1959077192	-2.2903119478
-0.2020918949	0.1486237451	-0.9680236817	-3.8859090741
-0.0244046254	0.9873469993	0.1566854083	0.5999399624
0.0000000000	0.0000000000	0.0000000000	1.0000000000
92	92	93
0.9848432968	0.0459575212	-0.1672470838	-2.3169445882
-0.1725598454	0.1622429674	-0.9715453254	-3.9137876083
-0.0175151517	0.9856800322	0.1677143216	0.6042138574
0.0000000000	0.0000000000	0.0000000000	1.0000000000
93	93	94
0.9891901942	0.0463237604	-0.1391289651	-2.3567565615
-0.1451251640	0.1733212342	-0.9741141804	-3.9333458637
-0.0210106279	0.9837753092	0.1781704086	0.6034696080
0.0000000000	0.0000000000	0.0000000000	1.0000000000
94	94	95
0.9924368889	0.0533132192	-0.1105745098	-2.4097012349
-0.1184500387	0.1794181105	-0.9766159583	-3.9546746862
-0.0322274711	0.9823272582	0.1843761043	0.6045148556
0.0000000000	0.0000000000	0.0000000000	1.0000000000
95	95	96
0.9939506646	0.0575065469	-0.0935685491	-2.4669831171
-0.1015637886	0.1570622118	-0.9823524105	-3.9788508503
-0.0417956117	0.9859130077	0.1619526726	0.6007930617
0.0000000000	0.0000000000	0.0000000000	1.0000000000
96	96	97
0.9948288145	0.0612297152	-0.0810342635	-2.5192143790
-0.0878617311	0.1185772190	-0.9890499276	-4.0022651026
-0.0509504278	0.9910551776	0.1233437830	0.5885785904
0.0000000000	0.0000000000	0.0000000000	1.0000000000
97	97	98
0.9947260911	0.0615574725	-0.0820407294	-2.5640831162
-0.0870705883	0.0840452119	-0.9926505503	-4.0320208530
-0.0542099285	0.9945587363	0.0889618104	0.5774118509
0.0000000000	0.0000000000	0.0000000000	1.0000000000
98	98	99
0.9944282319	0.0501287006	-0.0927340546	-2.5970990852
-0.0957386569	0.0612877513	-0.9935179521	-4.0730824816
-0.0441203023	0.9968605343	0.0657455246	0.5709415498
0.0000000000	0.0000000000	0.0000000000	1.0000000000
99	99	100
0.9902512013	0.0425107102	-0.1326476456	-2.6220473020
-0.1349084376	0.0556497105	-0.9892941035	-4.1216422122
-0.0346737918	0.9975449610	0.0608422461	0.5648237263
0.0000000000	0.0000000000	0.0000000000	1.0000000000
100	100	101
0.9831697296	0.0277488169	-0.1805748763	-2.6405576872
-0.1817523307	0.0483088592	-0.9821569856	-4.1649034088
-0.0185303280	0.9984469226	0.0525392202	0.5642476959
0.0000000000	0.0000000000	0.0000000000	1.0000000000
101	101	102
0.9739289847	0.0084072892	-0.2266972658	-2.6670611602
-0.2268497884	0.0306872508	-0.9734461804	-4.1968776323
-0.0012273277	0.9994936769	0.0317943948	0.5597414612
0.0000000000	0.0000000000	0.0000000000	1.0000000000
102	102	103
0.9637013057	0.0058539599	-0.2669185730	-2.6960144657
-0.2669785769	0.0267257843	-0.9633318078	-4.2165721417
0.0014943025	0.9996256617	0.0273185551	0.5594581628
0.0000000000	0.0000000000	0.0000000000	1.0000000000
103	103	104
0.9521502002	0.0062501874	-0.3055665743	-2.7228991835
-0.3056179774	0.0285174571	-0.9517270651	-4.2260301606
0.0027655091	0.9995737541	0.0290630721	0.5624014587
0.0000000000	0.0000000000	0.0000000000	1.0000000000
104	104	105
0.9382926008	-0.0063268784	-0.3457845657	-2.7504484254
-0.3456790217	0.0135759632	-0.9382546068	-4.2321766996
0.0106305813	0.9998878256	0.0105511566	0.5570160782
0.0000000000	0.0000000000	0.0000000000	1.0000000000
105	105	106
0.9246902844	-0.0208668766	-0.3801479337	-2.7709303016
-0.3803530791	-0.0067930670	-0.9248164085	-4.2361571228
0.0167156595	0.9997591849	-0.0142182638	0.5480653665
0.0000000000	0.0000000000	0.0000000000	1.0000000000
106	106	107
0.9128483527	-0.0335673149	-0.4069166013	-2.7891873170
-0.4078931162	-0.0305588019	-0.9125181452	-4.2368675279
0.0181959001	0.9989691662	-0.0415874287	0.5381848175
0.0000000000	0.0000000000	0.0000000000	1.0000000000
107	107	108
0.9046144509	-0.0392092835	-0.4244235236	-2.8030011206
-0.4259164269	-0.0449172085	-0.9036468568	-4.2357756454
0.0163674259	0.9982209557	-0.0573326339	0.5312505058
0.0000000000	0.0000000000	0.0000000000	1.0000000000
108	108	109
0.8976566795	-0.0461306653	-0.4382743975	-2.8154797900
-0.4404594450	-0.0613703208	-0.8956724630	-4.2357894385
0.0144209262	0.9970484669	-0.0754081656	0.5226868442
0.0000000000	0.0000000000	0.0000000000	1.0000000000
109	109	110
0.8905271682	-0.0634103221	-0.4504891716	-2.8299122921
-0.4546470936	-0.0891278523	-0.8862010191	-4.2357849383
0.0160431598	0.9939996766	-0.1082000926	0.5082241186
0.0000000000	0.0000000000	0.0000000000	1.0000000000
110	110	111
0.8830670813	-0.0819647047	-0.4620328096	-2.8433895248
-0.4687185252	-0.1073674040	-0.8767982577	-4.2336678991
0.0222592470	0.9908350154	-0.1332309956	0.4970972687
0.0000000000	0.0000000000	0.0000000000	1.0000000000
111	111	112
0.8760182014	-0.0878867234	-0.4742025249	-2.8524280167
-0.4818304711	-0.1171398565	-0.8683994767	-4.2334835135
0.0207727689	0.9892189737	-0.1449631478	0.4903866775
0.0000000000	0.0000000000	0.0000000000	1.0000000000
112	112	113
0.8668195898	-0.1014279456	-0.4881968563	-2.8591312702
-0.4980903996	-0.1309426620	-0.8571814120	-4.2364568409
0.0230163537	0.9861878072	-0.1640239506	0.4807795598
0.0000000000	0.0000000000	0.0000000000	1.0000000000
113	113	114
0.8584129758	-0.1096140142	-0.5011106972	-2.8641698722
-0.5125306176	-0.1433540492	-0.8466179673	-4.2409460079
0.0209649464	0.9835824238	-0.1792375144	0.4720701087
0.0000000000	0.0000000000	0.0000000000	1.0000000000
114	114	115
0.8503770135	-0.1266857185	-0.5106952747	-2.8665936267
-0.5255401139	-0.1568744174	-0.8361806060	-4.2452675419
0.0258171172	0.9794596193	-0.1999808255	0.4620804965
0.0000000000	0.0000000000	0.0000000000	1.0000000000
115	115	116
0.8399011271	-0.1391093589	-0.5246090763	-2.8615603041
-0.5419438047	-0.1626400262	-0.8245272187	-4.2464106045
0.0293770189	0.9768299791	-0.2119909965	0.4545434952
0.0000000000	0.0000000000	0.0000000000	1.0000000000
116	116	117
0.8276288121	-0.1525916094	-0.5401354924	-2.8517837677
-0.5601926709	-0.1648126888	-0.8118010527	-4.2453991702
0.0348528464	0.9744498850	-0.2218844311	0.4495635251
0.0000000000	0.0000000000	0.0000000000	1.0000000000
117	117	118
0.8136470545	-0.1665494488	-0.5569916981	-2.8443466028
-0.5799127149	-0.1649734744	-0.7978000976	-4.2449632370
0.0409843108	0.9721342674	-0.2308143246	0.4452382985
0.0000000000	0.0000000000	0.0000000000	1.0000000000
118	118	119
0.8002022954	-0.1845205445	-0.5706386379	-2.8479151072
-0.5981490841	-0.1765058581	-0.7817054147	-4.2415279717
0.0435196463	0.9668494457	-0.2516111875	0.4358864184
0.0000000000	0.0000000000	0.0000000000	1.0000000000
119	119	120
0.7950093310	-0.1923406179	-0.5752957937	-2.8584505778
-0.6051097988	-0.1850896450	-0.7743280666	-4.2314943248
0.0424534445	0.9637151602	-0.2635351874	0.4277495510
0.0000000000	0.0000000000	0.0000000000	1.0000000000
120	120	121
0.7893894464	-0.2108324857	-0.5765535231	-2.8711954901
-0.6116950178	-0.1907349559	-0.7677560692	-4.2185541649
0.0518990097	0.9587334560	-0.2795293423	0.4212167385
0.0000000000	0.0000000000	0.0000000000	1.0000000000
121	121	122
0.7833973264	-0.2203633293	-0.5811442438	-2.8842090455
-0.6192952331	-0.1976969444	-0.7598613903	-4.2040052435
0.0525551445	0.9551732415	-0.2913452170	0.4128001756
0.0000000000	0.0000000000	0.0000000000	1.0000000000
122	122	123
0.7815166163	-0.2238870167	-0.5823284144	-2.8968309641
-0.6217654334	-0.2026383971	-0.7565351451	-4.1874766392
0.0513763002	0.9533164657	-0.2975704824	0.4048580743
0.0000000000	0.0000000000	0.0000000000	1.0000000000
123	123	124
0.7756548999	-0.2251342670	-0.5896389048	-2.9039284033
-0.6293691212	-0.2056201524	-0.7494096758	-4.1733781584
0.0474761566	0.9523838064	-0.3011828345	0.4001055222
0.0000000000	0.0000000000	0.0000000000	1.0000000000
124	124	125
0.7430284052	-0.2341557814	-0.6269608115	-2.9110806086
-0.6676866501	-0.1951588394	-0.7184062672	-4.1733721404
0.0458620365	0.9524096269	-0.3013512505	0.4006565464
0.0000000000	0.0000000000	0.0000000000	1.0000000000
125	125	126
0.6810511708	-0.2516463812	-0.6876360968	-2.9215847089
-0.7304896506	-0.1686817219	-0.6617638152	-4.1889984278
0.0505388284	0.9530060732	-0.2987059612	0.4050835601
0.0000000000	0.0000000000	0.0000000000	1.0000000000
126	126	127
0.6027874110	-0.2736651585	-0.7495029807	-2.9369415329
-0.7959786803	-0.1410670639	-0.5886578157	-4.2059426046
0.0553649496	0.9514239142	-0.3028650819	0.4031356885
0.0000000000	0.0000000000	0.0000000000	1.0000000000
127	127	128
0.5180717131	-0.2959101085	-0.8025203473	-2.9526483689
-0.8535437731	-0.1181285068	-0.5074531341	-4.2149720388
0.0553599816	0.9478833597	-0.3137712684	0.3958952628
0.0000000000	0.0000000000	0.0000000000	1.0000000000
128	128	129
0.4472989826	-0.3009205863	-0.8422413080	-2.9630559324
-0.8925025847	-0.0891225034	-0.4421496530	-4.2193228458
0.0579892790	0.9494756343	-0.3084368061	0.3951852421
0.0000000000	0.0000000000	0.0000000000	1.0000000000
129	129	130
0.3709317446	-0.2864103120	-0.8833904992	-2.9676200563
-0.9271557516	-0.0600911909	-0.3698259875	-4.2178643557
0.0528379893	0.9562207810	-0.2878366984	0.3977935488
0.0000000000	0.0000000000	0.0000000000	1.0000000000
130	130	131
0.2922300816	-0.2723885393	-0.9167366378	-2.9678985678
-0.9549336190	-0.0309950798	-0.2951966942	-4.2085410764
0.0519938711	0.9616879893	-0.2691706683	0.4002534115
0.0000000000	0.0000000000	0.0000000000	1.0000000000
131	131	132
0.1230613714	-0.2348096582	-0.9642200596	-2.9795307477
-0.9911439479	0.0197696615	-0.1313119756	-4.1496785871
0.0498956243	0.9718403083	-0.2302972900	0.4112214662
0.0000000000	0.0000000000	0.0000000000	1.0000000000
132	132	133
0.0625999873	-0.2146631375	-0.9746799367	-2.9946290415
-0.9970230428	0.0305966008	-0.0707735837	-4.1096958681
0.0450143725	0.9762087817	-0.2121087477	0.4164421214
0.0000000000	0.0000000000	0.0000000000	1.0000000000
133	133	134
0.0116910761	-0.1910130858	-0.9815178652	-3.0105360707
-0.9994141261	0.0293447700	-0.0176150249	-4.0720664556
0.0321671162	0.9811487581	-0.1905581043	0.4222855493
0.0000000000	0.0000000000	0.0000000000	1.0000000000
134	134	135
-0.0381129556	-0.1737330728	-0.9840549893	-3.0305081118
-0.9990029721	0.0295349810	0.0334775529	-4.0381316851
0.0232478873	0.9843497876	-0.1746855215	0.4246990354
0.0000000000	0.0000000000	0.0000000000	1.0000000000
135	135	136
-0.0905612212	-0.1659562329	-0.9819659841	-3.0487684552
-0.9958487563	0.0241605282	0.0877583242	-4.0116761453
0.0091607760	0.9858371050	-0.1674553150	0.4266501520
0.0000000000	0.0000000000	0.0000000000	1.0000000000
136	136	137
-0.1724961468	-0.1559437181	-0.9725875982	-3.0763192575
-0.9849439493	0.0387582814	0.1684731800	-3.9912702901
0.0114234897	0.9870052444	-0.1602814758	0.4318600443
0.0000000000	0.0000000000	0.0000000000	1.0000000000
137	137	138
-0.2713663879	-0.1284593937	-0.9538650154	-3.1100284230
-0.9618889744	0.0708083169	0.2641132016	-3.9831480248
0.0336137546	0.9891836869	-0.1427786716	0.4393245586
0.0000000000	0.0000000000	0.0000000000	1.0000000000
138	138	139
-0.3629381058	-0.1024117772	-0.9261683212	-3.1465023336
-0.9299257145	0.1030405454	0.3530167298	-3.9757851020
0.0592798182	0.9893909611	-0.1326326855	0.4459687233
0.0000000000	0.0000000000	0.0000000000	1.0000000000
139	139	140
-0.4459714414	-0.0933212708	-0.8901688682	-3.1752349572
-0.8914681545	0.1351648138	0.4324523126	-3.9623085861
0.0799625099	0.9864185793	-0.1434725879	0.4445704184
0.0000000000	0.0000000000	0.0000000000	1.0000000000
140	140	141
-0.5170063549	-0.0836007466	-0.8518892793	-3.1915856929
-0.8516551579	0.1501735056	0.5021268867	-3.9446353545
0.0859530169	0.9851186900	-0.1488396638	0.4435970156
0.0000000000	0.0000000000	0.0000000000	1.0000000000
141	141	142
-0.5627915403	-0.0631146284	-0.8241857957	-3.1993507036
-0.8228677133	0.1374077208	0.5513690639	-3.9162567871
0.0784500381	0.9885017258	-0.1292668928	0.4507839359
0.0000000000	0.0000000000	0.0000000000	1.0000000000
142	142	143
-0.5965876559	-0.0284843017	-0.8020422766	-3.2331112053
-0.7991314230	0.1131998844	0.5904021977	-3.7992263186
0.0739738987	0.9931638489	-0.0902963543	0.4670136220
0.0000000000	0.0000000000	0.0000000000	1.0000000000
143	143	144
-0.5995074196	-0.0254484284	-0.7999645188	-3.2498964944
-0.7985098533	0.0871067041	0.5956462341	-3.7267503263
0.0545240121	0.9958738874	-0.0725419362	0.4714865166
0.0000000000	0.0000000000	0.0000000000	1.0000000000
144	144	145
-0.6063330203	-0.0371786035	-0.7943412490	-3.2682937688
-0.7941393658	0.0801469994	0.6024276937	-3.6639764032
0.0412666473	0.9960894588	-0.0781207649	0.4706274094
0.0000000000	0.0000000000	0.0000000000	1.0000000000
145	145	146
-0.6371014889	-0.0398835710	-0.7697473570	-3.2942507683
-0.7692468466	0.0958563936	0.6317205401	-3.6070462562
0.0485899346	0.9945958237	-0.0917505623	0.4679324229
0.0000000000	0.0000000000	0.0000000000	1.0000000000
146	146	147
-0.6697946104	-0.0289954107	-0.7419800847	-3.3308431541
-0.7412025650	0.0861970263	0.6657242900	-3.5577115640
0.0446535277	0.9958560834	-0.0792257764	0.4683608917
0.0000000000	0.0000000000	0.0000000000	1.0000000000
147	147	148
-0.7032493650	-0.0150232475	-0.7107845192	-3.3798609742
-0.7094065366	0.0805284471	0.7001839294	-3.5059362390
0.0467193370	0.9966390878	-0.0672891693	0.4747718051
0.0000000000	0.0000000000	0.0000000000	1.0000000000
148	148	149
-0.7318743668	-0.0095618025	-0.6813724995	-3.4267616654
-0.6789245049	0.0960604943	0.7278969008	-3.4642823398
0.0584929727	0.9953295702	-0.0767959554	0.4809335722
0.0000000000	0.0000000000	0.0000000000	1.0000000000
149	149	150
-0.7527190249	-0.0134730173	-0.6582040318	-3.4604222292
-0.6556250119	0.1060782887	0.7475983149	-3.4324395752
0.0597487523	0.9942665007	-0.0886803932	0.4791188518
0.0000000000	0.0000000000	0.0000000000	1.0000000000
150	150	151
-0.7626434643	-0.0175316285	-0.6465814630	-3.4823506069
-0.6444284622	0.1064601550	0.7572174011	-3.4001700039
0.0555599086	0.9941623999	-0.0924890218	0.4767414017
0.0000000000	0.0000000000	0.0000000000	1.0000000000
151	151	152
-0.7614131997	-0.0248875454	-0.6477889698	-3.5104433712
-0.6459438193	0.1136463049	0.7548782019	-3.3473203172
0.0548317572	0.9932095083	-0.1026077527	0.4725119726
0.0000000000	0.0000000000	0.0000000000	1.0000000000
152	152	153
-0.7494562231	-0.0305918090	-0.6613467403	-3.5537931552
-0.6596361461	0.1197970177	0.7419762997	-3.2626410849
0.0565289699	0.9923269702	-0.1099620834	0.4636876512
0.0000000000	0.0000000000	0.0000000000	1.0000000000
153	153	154
-0.7255600227	-0.0413078718	-0.6869179814	-3.6066423535
-0.6866595187	0.1093153914	0.7187133299	-3.1698033285
0.0454021899	0.9931484305	-0.1076793213	0.4673577210
0.0000000000	0.0000000000	0.0000000000	1.0000000000
154	154	155
-0.7160284162	-0.0570576109	-0.6957353924	-3.6611342851
-0.6973331209	0.1042804894	0.7091206512	-3.0975413821
0.0320908970	0.9929098693	-0.1144559556	0.4682272031
0.0000000000	0.0000000000	0.0000000000	1.0000000000
155	155	156
-0.7301726416	-0.0591234601	-0.6806998825	-3.7375550693
-0.6827397916	0.1021031314	0.7234924516	-3.0357579326
0.0267262125	0.9930152904	-0.1149188520	0.4614222887
0.0000000000	0.0000000000	0.0000000000	1.0000000000
156	156	157
-0.7599290346	-0.0338580248	-0.6491236374	-3.8434411753
-0.6485164971	0.1070616891	0.7536339613	-2.9756733525
0.0439797157	0.9936757162	-0.1033167737	0.4626210199
0.0000000000	0.0000000000	0.0000000000	1.0000000000
157	157	158
-0.7673659808	-0.0226200671	-0.6408102559	-3.9585396696
-0.6378663749	0.1288461197	0.7592925426	-2.9155423714
0.0653906666	0.9914065816	-0.1133007092	0.4726423983
0.0000000000	0.0000000000	0.0000000000	1.0000000000
158	158	159
-0.7648566413	-0.0484164006	-0.6423785258	-4.0543511376
-0.6424137812	0.1315423233	0.7549842058	-2.8561516582
0.0479463460	0.9901275016	-0.1317143825	0.4736328479
0.0000000000	0.0000000000	0.0000000000	1.0000000000
159	159	160
-0.7603473964	-0.0526142429	-0.6473820960	-4.1380091185
-0.6482985170	0.1224904200	0.7514686486	-2.7750142039
0.0397601508	0.9910740832	-0.1272450076	0.4722090655
0.0000000000	0.0000000000	0.0000000000	1.0000000000
160	160	161
-0.7571045523	-0.0374827102	-0.6522175583	-4.2222951337
-0.6514535239	0.1181975347	0.7494248789	-2.6743325517
0.0490000319	0.9922824141	-0.1139061352	0.4756677076
0.0000000000	0.0000000000	0.0000000000	1.0000000000
161	161	162
-0.7380041668	-0.0386468824	-0.6736885544	-4.3064471998
-0.6717535865	0.1367753316	0.7280382048	-2.5822747065
0.0640075686	0.9898479313	-0.1269019465	0.4830859523
0.0000000000	0.0000000000	0.0000000000	1.0000000000
162	162	163
-0.7289067736	-0.0711220164	-0.6809086386	-4.3933617539
-0.6830486451	0.1427477002	0.7162874021	-2.4999631866
0.0462543378	0.9872004624	-0.1526295625	0.4747368485
0.0000000000	0.0000000000	0.0000000000	1.0000000000
163	163	164
-0.7232466340	-0.0763180473	-0.6863598634	-4.4815941045
-0.6898041369	0.1272316787	0.7127288073	-2.4243481445
0.0329326467	0.9889325839	-0.1446643881	0.4687412151
0.0000000000	0.0000000000	0.0000000000	1.0000000000
164	164	165
-0.7153611958	-0.0705393410	-0.6951852709	-4.5786431591
-0.6973854275	0.1343309514	0.7039948587	-2.3412400071
0.0437255654	0.9884226813	-0.1452882585	0.4704142419
0.0000000000	0.0000000000	0.0000000000	1.0000000000
165	165	166
-0.7125787803	-0.0725616604	-0.6978296979	-4.6558658376
-0.7001216038	0.1379073919	0.7005792540	-2.2657801734
0.0454006797	0.9877835576	-0.1490718672	0.4735141615
0.0000000000	0.0000000000	0.0000000000	1.0000000000
166	166	167
-0.7049889439	-0.0858601860	-0.7040018590	-4.7122515719
-0.7082514919	0.1370449380	0.6925305113	-2.1857010522
0.0370190926	0.9868367208	-0.1574257709	0.4727247350
0.0000000000	0.0000000000	0.0000000000	1.0000000000
167	167	168
-0.6770075033	-0.0879796691	-0.7306985824	-4.7561890007
-0.7354340162	0.1189701227	0.6670703993	-2.0980860721
0.0282426670	0.9889922587	-0.1452469071	0.4731488688
0.0000000000	0.0000000000	0.0000000000	1.0000000000
168	168	169
-0.6257883748	-0.1262092521	-0.7697143202	-4.8005422834
-0.7799576196	0.1106376948	0.6159751716	-1.9997472111
0.0074176523	0.9858146505	-0.1676736511	0.4771667174
0.0000000000	0.0000000000	0.0000000000	1.0000000000
169	169	170
-0.5255997100	-0.2117201995	-0.8239657165	-4.9010097593
-0.8506442655	0.1447014358	0.5054362750	-1.8628044109
0.0122179532	0.9665588713	-0.2561536063	0.4519530118
0.0000000000	0.0000000000	0.0000000000	1.0000000000
170	170	171
-0.5314135236	-0.2303209464	-0.8152005450	-4.9674467774
-0.8469015896	0.1659249720	0.5051995656	-1.7993792356
0.0189040856	0.9588645187	-0.2832339496	0.4285076739
0.0000000000	0.0000000000	0.0000000000	1.0000000000
171	171	172
-0.5476394586	-0.2339421481	-0.8033443189	-5.0125894584
-0.8356930592	0.2003560824	0.5113458233	-1.7469270512
0.0413295802	0.9513824213	-0.3052267259	0.4146915081
0.0000000000	0.0000000000	0.0000000000	1.0000000000
172	172	173
-0.5397174541	-0.2488873545	-0.8042139980	-5.0347584154
-0.8411103401	0.1993595913	0.5027814128	-1.7020902809
0.0351918383	0.9477926135	-0.3169395785	0.4108900705
0.0000000000	0.0000000000	0.0000000000	1.0000000000
173	173	174
-0.5047778336	-0.2647749733	-0.8216407683	-5.0601309914
-0.8617964598	0.2097616425	0.4618516161	-1.6206690293
0.0500619678	0.9412195636	-0.3340651621	0.4014116780
0.0000000000	0.0000000000	0.0000000000	1.0000000000
174	174	175
-0.4671009008	-0.2649240298	-0.8435828394	-5.0762967915
-0.8801939926	0.2300774855	0.4151179183	-1.5367679914
0.0841147067	0.9364185011	-0.3406539402	0.3977011172
0.0000000000	0.0000000000	0.0000000000	1.0000000000
175	175	176
-0.4349873321	-0.2498139737	-0.8650890124	-5.0993580522
-0.8951330546	0.2240914031	0.3853827417	-1.4696559164
0.0975850165	0.9420063809	-0.3210936670	0.4027359334
0.0000000000	0.0000000000	0.0000000000	1.0000000000
176	176	177
-0.4237631222	-0.2197413690	-0.8787141441	-5.1437453908
-0.8996151744	0.2150364595	0.3800682296	-1.4156513787
0.1054388653	0.9515634776	-0.2888071915	0.4087475547
0.0000000000	0.0000000000	0.0000000000	1.0000000000
177	177	178
-0.4384207145	-0.1801161804	-0.8805370172	-5.2048212586
-0.8938677865	0.1895666197	0.4062817703	-1.3666245278
