1	1	2
-0.2294880684	-0.1292026557	0.9646978284	-0.0097329509
0.9725612828	0.0084672765	0.2324927020	-0.1169045498
-0.0382070378	0.9915820586	0.1237143617	0.0118035944
0.0000000000	0.0000000000	0.0000000000	1.0000000000
2	2	3
-0.3217453036	-0.1340838016	0.9372841052	-0.0224839452
0.9457566294	0.0015286069	0.3248723771	-0.1603962982
-0.0449928624	0.9909688176	0.1263188222	0.0159253953
0.0000000000	0.0000000000	0.0000000000	1.0000000000
3	3	4
-0.3320178745	-0.1467230079	0.9317920852	-0.0166444037
0.9430008243	-0.0278967009	0.3316190879	-0.1900478626
-0.0226622249	0.9887841691	0.1476221207	0.0232922592
0.0000000000	0.0000000000	0.0000000000	1.0000000000
4	4	5
-0.2733795851	-0.1651849192	0.9476167711	0.0085639956
0.9612500837	-0.0105334087	0.2754765395	-0.2028117158
-0.0355229352	0.9862063627	0.1616636363	0.0497103728
0.0000000000	0.0000000000	0.0000000000	1.0000000000
5	5	6
-0.2870404966	-0.1274683090	0.9493995911	0.0538655953
0.9563214638	0.0190736233	0.2916941117	-0.2020574775
-0.0552902453	0.9916592293	0.1164257775	0.0563388231
0.0000000000	0.0000000000	0.0000000000	1.0000000000
6	6	7
-0.3048612193	-0.0876060748	0.9483590104	0.1113426230
0.9520000696	0.0007069954	0.3060969906	-0.1869222532
-0.0274864413	0.9961549457	0.0831854538	0.0730966978
0.0000000000	0.0000000000	0.0000000000	1.0000000000
7	7	8
-0.2929958661	-0.0404130930	0.9552592341	0.1714963844
0.9560068637	0.0025530434	0.2933331869	-0.1913991637
-0.0142933197	0.9991797956	0.0378871631	0.0826506473
0.0000000000	0.0000000000	0.0000000000	1.0000000000
8	8	9
-0.2996376882	-0.0370376980	0.9533338684	0.1985702271
0.9538013098	0.0113250075	0.3002245920	-0.2314379334
-0.0219161410	0.9992496951	0.0319332058	0.1155610124
0.0000000000	0.0000000000	0.0000000000	1.0000000000
9	9	10
-0.3010947007	-0.0599170087	0.9517100048	0.2002257244
0.9524699285	0.0295532746	0.3031957113	-0.3069186335
-0.0462927271	0.9977657822	0.0481708146	0.1213064918
0.0000000000	0.0000000000	0.0000000000	1.0000000000
10	10	11
-0.2474734310	-0.0593659730	0.9670742382	0.2132363055
0.9676554965	0.0353210740	0.2497904360	-0.4126350252
-0.0489871530	0.9976111983	0.0487047827	0.1330066265
0.0000000000	0.0000000000	0.0000000000	1.0000000000
11	11	12
-0.2614380203	-0.0668593534	0.9629018581	0.2571533182
0.9650913751	-0.0018045214	0.2619071998	-0.5093987458
-0.0157733690	0.9977607782	0.0649971558	0.1511615026
0.0000000000	0.0000000000	0.0000000000	1.0000000000
12	12	13
-0.2782570536	-0.0981856199	0.9554750631	0.2871540825
0.9604793192	-0.0359467328	0.2760204880	-0.6097839072
0.0072449641	0.9945186858	0.1043076893	0.1714290564
0.0000000000	0.0000000000	0.0000000000	1.0000000000
13	13	14
-0.2939537218	-0.1096734314	0.9495066866	0.3435173936
0.9555862411	-0.0117683233	0.2944765567	-0.7066206062
-0.0211221528	0.9938980053	0.1082617645	0.1790327233
0.0000000000	0.0000000000	0.0000000000	1.0000000000
14	14	15
-0.2910726003	-0.1557882884	0.9439315391	0.3890765942
0.9548822390	0.0135012214	0.2966776476	-0.8141207731
-0.0589631316	0.9876981959	0.1448296340	0.1826067197
0.0000000000	0.0000000000	0.0000000000	1.0000000000
15	15	16
-0.3275569986	-0.1993883837	0.9235532931	0.4112723823
0.9409041596	0.0201932065	0.3380704023	-0.9467909353
-0.0860568134	0.9797124613	0.1809909335	0.1783173706
0.0000000000	0.0000000000	0.0000000000	1.0000000000
16	16	17
-0.2892566006	-0.1393063532	0.9470609056	0.4441449432
0.9537469857	0.0426409274	0.2975708968	-1.1016629247
-0.0818370718	0.9893308300	0.1205288448	0.1625098119
0.0000000000	0.0000000000	0.0000000000	1.0000000000
17	17	18
-0.2930730470	-0.1021496276	0.9506175060	0.4441167537
0.9524288506	0.0557374085	0.2996208034	-1.2703746236
-0.0835911097	0.9932063204	0.0809551203	0.1602279876
0.0000000000	0.0000000000	0.0000000000	1.0000000000
18	18	19
-0.3328295122	-0.0801992662	0.9395704303	0.4236949612
0.9418485365	0.0206736975	0.3354011516	-1.4319771882
-0.0463233211	0.9965644364	0.0686547448	0.1665956219
0.0000000000	0.0000000000	0.0000000000	1.0000000000
19	19	20
-0.3331084873	-0.0634188611	0.9407533065	0.4435749270
0.9426969725	-0.0022908951	0.3336422783	-1.5892416569
-0.0190040462	0.9979843685	0.0605478849	0.1605969563
0.0000000000	0.0000000000	0.0000000000	1.0000000000
20	20	21
-0.2968676410	-0.0492840524	0.9536459961	0.4993601151
0.9542086392	0.0231933562	0.2982414140	-1.7505232134
-0.0368167967	0.9985154733	0.0401419116	0.1439936998
0.0000000000	0.0000000000	0.0000000000	1.0000000000
21	21	22
-0.2762223177	-0.0662108067	0.9588103881	0.5515787163
0.9607644443	0.0070912660	0.2772749475	-1.9187746245
-0.0251577774	0.9977804583	0.0616542229	0.1373358043
0.0000000000	0.0000000000	0.0000000000	1.0000000000
22	22	23
-0.2948326908	-0.0603830881	0.9536391178	0.5711268540
0.9541934758	-0.0717422497	0.2904614610	-2.0947444910
0.0508772557	0.9955937587	0.0787691093	0.1233341779
0.0000000000	0.0000000000	0.0000000000	1.0000000000
23	23	24
-0.2876377349	-0.0581427410	0.9559727795	0.5602967179
0.9574732635	-0.0409814053	0.2855966983	-2.2703949839
0.0225717330	0.9974667644	0.0674579186	0.1084257419
0.0000000000	0.0000000000	0.0000000000	1.0000000000
24	24	25
-0.2940402206	-0.0883427103	0.9517015888	0.5585993149
0.9557930436	-0.0272612210	0.2927737755	-2.4364456488
0.0000801185	0.9957170237	0.0924532434	0.1169412468
0.0000000000	0.0000000000	0.0000000000	1.0000000000
25	25	26
-0.3268851677	-0.0727214300	0.9422620022	0.5853937354
0.9437689771	-0.0772978942	0.3214423019	-2.6037619635
0.0494591247	0.9943523667	0.0938997647	0.1310311042
0.0000000000	0.0000000000	0.0000000000	1.0000000000
26	26	27
-0.3175763482	-0.0884317508	0.9441001475	0.6383063751
0.9482264217	-0.0259922439	0.3165297087	-2.7871574395
-0.0034519951	0.9957430536	0.0921078445	0.1421519736
0.0000000000	0.0000000000	0.0000000000	1.0000000000
27	27	28
-0.3199004752	-0.1194404603	0.9398923675	0.7116930374
0.9469572847	-0.0082809592	0.3212527458	-2.9715006414
-0.0305873654	0.9928068302	0.1157540968	0.1691225123
0.0000000000	0.0000000000	0.0000000000	1.0000000000
28	28	29
-0.3073572434	-0.0985155973	0.9464809570	0.7710730290
0.9515185287	-0.0192739269	0.3069869789	-3.1579149035
-0.0120006008	0.9949488393	0.0996633972	0.1695281973
0.0000000000	0.0000000000	0.0000000000	1.0000000000
29	29	30
-0.2960145287	-0.1057259152	0.9493141891	0.8057444021
0.9545887398	0.0023206970	0.2979176937	-3.3449520371
-0.0337006914	0.9943926011	0.1002378081	0.1588107185
0.0000000000	0.0000000000	0.0000000000	1.0000000000
30	30	31
-0.3337352193	-0.1300885000	0.9336475703	0.8260581251
0.9419545669	-0.0075255881	0.3356560135	-3.5205408841
-0.0366387403	0.9914738260	0.1250490105	0.1705441929
0.0000000000	0.0000000000	0.0000000000	1.0000000000
31	31	32
-0.3576366369	-0.0972974684	0.9287783582	0.8733225471
0.9337248265	-0.0202834524	0.3574164657	-3.6920769955
-0.0159368857	0.9950486341	0.0981031675	0.1721188184
0.0000000000	0.0000000000	0.0000000000	1.0000000000
32	32	33
-0.3472784718	-0.1381339835	0.9275325685	0.9389194053
0.9359332291	0.0106867925	0.3520153166	-3.8742020106
-0.0585376260	0.9903558931	0.1255728923	0.1666397710
0.0000000000	0.0000000000	0.0000000000	1.0000000000
33	33	34
-0.3198690011	-0.1382328484	0.9373235843	1.0135903910
0.9466656355	-0.0060813462	0.3221601958	-4.0609805148
-0.0388329323	0.9903810867	0.1328055214	0.1730133398
0.0000000000	0.0000000000	0.0000000000	1.0000000000
34	34	35
-0.3151954487	-0.1222691772	0.9411174621	1.0578077183
0.9490252212	-0.0424059371	0.3123345419	-4.2497639133
0.0017200805	0.9915906337	0.1294026913	0.1623080329
0.0000000000	0.0000000000	0.0000000000	1.0000000000
35	35	36
-0.2423365530	-0.1041441497	0.9645864353	1.0797799550
0.9698452844	-0.0525911682	0.2379796069	-4.4471869712
0.0259445437	0.9931707633	0.1137484750	0.1414835105
0.0000000000	0.0000000000	0.0000000000	1.0000000000
36	36	37
-0.1367436231	-0.1062511147	0.9848918124	1.1042857998
0.9905390627	-0.0262644661	0.1346942576	-4.6328477852
0.0115562426	0.9939923936	0.1088373778	0.1315916712
0.0000000000	0.0000000000	0.0000000000	1.0000000000
37	37	38
-0.0341844446	-0.0924844642	0.9951271515	1.1254326087
0.9993861840	-0.0107950965	0.0333274827	-4.8099274705
0.0076602192	0.9956556080	0.0927967202	0.1078686270
0.0000000000	0.0000000000	0.0000000000	1.0000000000
38	38	39
0.1150403842	-0.1563236012	0.9809835074	1.1435611558
0.9919966638	-0.0336577968	-0.1216954052	-5.0089431201
0.0520416075	0.9871322528	0.1512004850	0.1000077419
0.0000000000	0.0000000000	0.0000000000	1.0000000000
39	39	40
0.2956248013	-0.1920764080	0.9357951861	1.1408197732
0.9521249649	-0.0206091538	-0.3050136291	-5.1970106258
0.0778718691	0.9811635523	0.1767881662	0.1061053683
0.0000000000	0.0000000000	0.0000000000	1.0000000000
40	40	41
0.4400707026	-0.2061296874	0.8739841696	1.0694168920
0.8925740478	-0.0060589504	-0.4508601317	-5.3303757039
0.0982310847	0.9785059229	0.1813196429	0.0888804277
0.0000000000	0.0000000000	0.0000000000	1.0000000000
41	41	42
0.5948770570	-0.1784097680	0.7837673391	0.9538673601
0.8002665386	0.0399118394	-0.5983147267	-5.4023556781
0.0754635954	0.9831464793	0.1665180050	0.0754283466
0.0000000000	0.0000000000	0.0000000000	1.0000000000
42	42	43
0.6322176021	-0.1864156767	0.7520306503	0.8075158518
0.7739307118	0.1062194881	-0.6242985454	-5.4036775323
0.0364987250	0.9767121458	0.2114266474	0.0671672148
0.0000000000	0.0000000000	0.0000000000	1.0000000000
43	43	44
0.7805069187	-0.1135589504	0.6147465450	0.6783265934
0.6247882848	0.1750136570	-0.7609269473	-5.3939456037
-0.0211789755	0.9779951864	0.2075496720	0.0730713170
0.0000000000	0.0000000000	0.0000000000	1.0000000000
44	44	45
0.8424101974	-0.1028293628	0.5289340049	0.5696081897
0.5385063648	0.1950338495	-0.8197394053	-5.3775586819
-0.0188667544	0.9753911624	0.2196727700	0.0601818488
0.0000000000	0.0000000000	0.0000000000	1.0000000000
45	45	46
0.9394507965	-0.0570379683	0.3379036417	0.4893518741
0.3416119772	0.2338056500	-0.9102945540	-5.3755151582
-0.0270824287	0.9706088750	0.2391337572	0.0383393670
0.0000000000	0.0000000000	0.0000000000	1.0000000000
46	46	47
0.9959855933	-0.0389511021	0.0805947243	0.4206194173
0.0892807730	0.3673599609	-0.9257837775	-5.3828713918
0.0064530237	0.9292628642	0.3693628131	0.0554729857
0.0000000000	0.0000000000	0.0000000000	1.0000000000
47	47	48
0.9926990030	0.0310356917	-0.1165567468	0.3702778008
-0.1171222102	0.4789830527	-0.8699756451	-5.3811212368
0.0288284105	0.8772753394	0.4791209677	0.0682033483
0.0000000000	0.0000000000	0.0000000000	1.0000000000
48	48	49
0.9399896892	0.1066017746	-0.3241225784	0.3035013732
-0.3318045765	0.5070116069	-0.7955155268	-5.3842132336
0.0795305424	0.8553217477	0.5119566395	0.0723717241
0.0000000000	0.0000000000	0.0000000000	1.0000000000
49	49	50
0.8162690187	0.1491481184	-0.5580857710	0.2019542151
-0.5487455611	0.5020785333	-0.6684275993	-5.3769955004
0.1805081666	0.8518638302	0.4916755196	0.0588559169
0.0000000000	0.0000000000	0.0000000000	1.0000000000
50	50	51
0.6536565650	0.1617397218	-0.7393059971	0.0766396793
-0.7167677085	0.4457928213	-0.5362022124	-5.3696155131
0.2428521096	0.8804027617	0.4073252140	0.0204441376
0.0000000000	0.0000000000	0.0000000000	1.0000000000
51	51	52
0.4680963477	0.1442273861	-0.8718281197	-0.0784476518
-0.8578020335	0.3111609448	-0.4090898896	-5.3966108836
0.2122768960	0.9393494171	0.2693718470	-0.0251654222
0.0000000000	0.0000000000	0.0000000000	1.0000000000
52	52	53
0.3069799123	0.0387505420	-0.9509267737	-0.2763277233
-0.9309851047	0.2196379824	-0.2915919949	-5.4449260998
0.1975602901	0.9748115470	0.1035006259	-0.0624466997
0.0000000000	0.0000000000	0.0000000000	1.0000000000
53	53	54
0.2757917202	-0.0766731473	-0.9581545573	-0.4555798314
-0.9308324556	0.2273461203	-0.2861200467	-5.5141970624
0.2397704457	0.9707908992	-0.0086696763	-0.1057510473
0.0000000000	0.0000000000	0.0000000000	1.0000000000
54	54	55
0.1782838718	-0.0643015275	-0.9818758448	-0.6303279585
-0.9618246323	0.1991664497	-0.1876861798	-5.6307993349
0.2076252341	0.9778537922	-0.0263386272	-0.1390157574
0.0000000000	0.0000000000	0.0000000000	1.0000000000
55	55	56
0.0940549034	-0.0899845059	-0.9914920392	-0.8139429748
-0.9772221641	0.1819584755	-0.1092151782	-5.7590537129
0.1902380537	0.9791802193	-0.0708207668	-0.1334852980
0.0000000000	0.0000000000	0.0000000000	1.0000000000
56	56	57
0.1517151499	-0.1177444830	-0.9813861371	-0.9970766866
-0.9649110456	0.1976340374	-0.1728799043	-5.8625088607
0.2143109594	0.9731788243	-0.0836288746	-0.1465033912
0.0000000000	0.0000000000	0.0000000000	1.0000000000
57	57	58
0.1139391606	-0.1539801548	-0.9814825417	-1.2193382319
-0.9778672750	0.1571148193	-0.1381684696	-5.9458291830
0.1754806545	0.9755024580	-0.1326706237	-0.1578162487
0.0000000000	0.0000000000	0.0000000000	1.0000000000
58	58	59
0.2048202048	-0.1466046135	-0.9677581160	-1.4220385891
-0.9543606445	0.1896487091	-0.2307143847	-6.0263134791
0.2173578706	0.9708452268	-0.1010697860	-0.1445671972
0.0000000000	0.0000000000	0.0000000000	1.0000000000
59	59	60
0.2317774387	-0.1298360158	-0.9640652612	-1.6315745999
-0.9542091819	0.1623231673	-0.2512688334	-6.1251726321
0.1891138709	0.9781583708	-0.0862678705	-0.1441790850
0.0000000000	0.0000000000	0.0000000000	1.0000000000
60	60	61
0.2399775180	-0.1140708415	-0.9640532319	-1.8616799562
-0.9543436751	0.1542371872	-0.2558105549	-6.2163011138
0.1778733841	0.9814268863	-0.0718493288	-0.1091056527
0.0000000000	0.0000000000	0.0000000000	1.0000000000
61	61	62
0.2876943338	-0.0645381847	-0.9555452857	-2.0697083875
-0.9520279411	0.0893664558	-0.2926712080	-6.2838313918
0.1042821640	0.9939056591	-0.0357319322	-0.0903955463
0.0000000000	0.0000000000	0.0000000000	1.0000000000
62	62	63
0.4040561341	-0.0424243154	-0.9137498662	-2.2572952247
-0.9134358509	0.0344904245	-0.4055186271	-6.3331766311
0.0487194709	0.9985041753	-0.0248158231	-0.0715870668
0.0000000000	0.0000000000	0.0000000000	1.0000000000
63	63	64
0.4595587399	-0.0692831457	-0.8854409129	-2.4260233533
-0.8869310645	0.0163575644	-0.4616120849	-6.3810732060
0.0464655941	0.9974629195	-0.0539321125	-0.0670532968
0.0000000000	0.0000000000	0.0000000000	1.0000000000
64	64	65
0.5355400488	-0.0626332358	-0.8421840262	-2.5880822440
-0.8425680403	0.0279604046	-0.5378636568	-6.4568933886
0.0572359473	0.9976448735	-0.0377988463	-0.0735959899
0.0000000000	0.0000000000	0.0000000000	1.0000000000
65	65	66
0.5159901048	-0.0546584800	-0.8548489120	-2.7631787212
-0.8551697175	0.0246661913	-0.5177608843	-6.5480042197
0.0493858897	0.9982003955	-0.0340147663	-0.0524573405
0.0000000000	0.0000000000	0.0000000000	1.0000000000
66	66	67
0.5565257523	-0.0620098254	-0.8285130467	-2.9423419430
-0.8296017440	0.0127363183	-0.5582102942	-6.5945813817
0.0451667287	0.9979942724	-0.0443553702	-0.0622804204
0.0000000000	0.0000000000	0.0000000000	1.0000000000
67	67	68
0.5565036324	-0.0386781796	-0.8299443990	-3.1480448726
-0.8298139717	0.0238785975	-0.5575289992	-6.6051264334
0.0413821150	0.9989663713	-0.0188071676	-0.0624599656
0.0000000000	0.0000000000	0.0000000000	1.0000000000
68	68	69
0.5100007684	-0.0659238884	-0.8576440154	-3.3610136195
-0.8573123200	0.0423054828	-0.5130553890	-6.6198555727
0.0701056503	0.9969274232	-0.0349415329	-0.0509743935
0.0000000000	0.0000000000	0.0000000000	1.0000000000
69	69	70
0.4750673869	-0.0589907633	-0.8779698558	-3.5873317769
-0.8784963830	0.0255194240	-0.4770669387	-6.6768040042
0.0505478279	0.9979322867	-0.0396997261	-0.0633076704
0.0000000000	0.0000000000	0.0000000000	1.0000000000
70	70	71
0.4706976241	-0.0382270176	-0.8814660752	-3.7977804049
-0.8805685176	0.0421082839	-0.4720444664	-6.7428516335
0.0551618759	0.9983814840	-0.0138412390	-0.0448713169
0.0000000000	0.0000000000	0.0000000000	1.0000000000
71	71	72
0.4784345664	-0.0233318699	-0.8778131860	-3.9977831933
-0.8765381220	0.0473471839	-0.4789980844	-6.7887636819
0.0527379033	0.9986059623	0.0022012560	-0.0498035242
0.0000000000	0.0000000000	0.0000000000	1.0000000000
72	72	73
0.4941904120	0.0184061348	-0.8691588180	-4.2132852743
-0.8693160995	0.0197597606	-0.4938613884	-6.8213401636
0.0080842909	0.9996353165	0.0257658335	-0.0481443433
0.0000000000	0.0000000000	0.0000000000	1.0000000000
73	73	74
0.5439717952	0.0059874644	-0.8390821392	-4.4079202415
-0.8389117360	0.0252581259	-0.5436810887	-6.8657347932
0.0179383712	0.9996630319	0.0187626623	-0.0349752188
0.0000000000	0.0000000000	0.0000000000	1.0000000000
74	74	75
0.5360265338	0.0266259035	-0.8437811424	-4.6086311738
-0.8441471600	0.0282072451	-0.5353689602	-6.9334909185
0.0095460592	0.9992474231	0.0375960127	-0.0452648151
0.0000000000	0.0000000000	0.0000000000	1.0000000000
75	75	76
0.5155000347	0.0112309393	-0.8568159547	-4.8154871815
-0.8564209796	0.0398161330	-0.5147404990	-7.0014747093
0.0283340787	0.9991439043	0.0301436300	-0.0317935279
0.0000000000	0.0000000000	0.0000000000	1.0000000000
76	76	77
0.4912651171	0.0159512121	-0.8708640213	-5.0145097713
-0.8703114694	0.0490269210	-0.4900554124	-7.0430517514
0.0348788038	0.9986700756	0.0379677389	-0.0379088826
0.0000000000	0.0000000000	0.0000000000	1.0000000000
77	77	78
0.4951457684	0.0336737573	-0.8681570976	-5.2302199881
-0.8685248086	0.0447820877	-0.4936184980	-7.0757719223
0.0222558978	0.9984290875	0.0514201548	-0.0424625462
0.0000000000	0.0000000000	0.0000000000	1.0000000000
78	78	79
0.4965399882	0.0249723272	-0.8676545528	-5.4397668893
-0.8667004245	0.0692315863	-0.4940013781	-7.1129217063
0.0477327370	0.9972880077	0.0560197776	-0.0282352376
0.0000000000	0.0000000000	0.0000000000	1.0000000000
79	79	80
0.4650391461	0.0580463115	-0.8833850906	-5.6463429024
-0.8851927396	0.0452879116	-0.4630149228	-7.1705343466
0.0131303575	0.9972861329	0.0724428252	-0.0376778535
0.0000000000	0.0000000000	0.0000000000	1.0000000000
80	80	81
0.4274905710	0.0604854888	-0.9019940783	-5.8457433318
-0.9036849162	0.0557474664	-0.4245536387	-7.2266158790
0.0246045502	0.9966111206	0.0784913401	-0.0215614246
0.0000000000	0.0000000000	0.0000000000	1.0000000000
81	81	82
0.4178278910	0.0325843532	-0.9079416905	-6.0347321146
-0.9075091256	0.0622425304	-0.4153950583	-7.2615712423
0.0429772089	0.9975290108	0.0555772631	-0.0337983785
0.0000000000	0.0000000000	0.0000000000	1.0000000000
82	82	83
0.4253913040	0.0291237026	-0.9045407942	-6.2419799666
-0.9048528557	0.0322836252	-0.4244986185	-7.2852056869
0.0168388845	0.9990543416	0.0400858389	-0.0497539451
0.0000000000	0.0000000000	0.0000000000	1.0000000000
83	83	84
0.4418260145	0.0010563415	-0.8971001377	-6.4407260280
-0.8967169640	0.0297681272	-0.4416022475	-7.3125719377
0.0262385082	0.9995562729	0.0140995723	-0.0478797604
0.0000000000	0.0000000000	0.0000000000	1.0000000000
84	84	85
0.4276390726	0.0131694963	-0.9038536320	-6.6419566151
-0.9039414041	0.0104800104	-0.4275279023	-7.3569097777
0.0038420683	0.9998583568	0.0163861149	-0.0612741981
0.0000000000	0.0000000000	0.0000000000	1.0000000000
85	85	86
0.4151229323	0.0205367817	-0.9095335022	-6.8521809968
-0.9096825850	0.0228532419	-0.4146749616	-7.4157805860
0.0122697000	0.9995278735	0.0281688575	-0.0450345349
0.0000000000	0.0000000000	0.0000000000	1.0000000000
86	86	87
0.4041618171	0.0104651799	-0.9146276322	-7.0464298456
-0.9146265183	0.0161702602	-0.4039763045	-7.4573582763
0.0105620822	0.9998144841	0.0161071328	-0.0482534050
0.0000000000	0.0000000000	0.0000000000	1.0000000000
87	87	88
0.4187527018	0.0254228434	-0.9077443769	-7.2566446607
-0.9080671572	0.0031811998	-0.4188125093	-7.4794404082
-0.0077596886	0.9996717256	0.0244177851	-0.0652222911
0.0000000000	0.0000000000	0.0000000000	1.0000000000
88	88	89
0.4076403110	0.0098508217	-0.9130894470	-7.4715065876
-0.9130168688	0.0209889025	-0.4073814714	-7.5004792773
0.0151517031	0.9997311775	0.0175498892	-0.0561531682
0.0000000000	0.0000000000	0.0000000000	1.0000000000
89	89	90
0.3738496997	0.0180487316	-0.9273136715	-7.6899997499
-0.9274798392	0.0117908755	-0.3736871996	-7.5437215269
0.0041892600	0.9997675823	0.0211478499	-0.0697906066
0.0000000000	0.0000000000	0.0000000000	1.0000000000
90	90	91
0.3326078548	0.0285988774	-0.9426314864	-7.9050636093
-0.9422361640	0.0519802772	-0.3308913146	-7.5920137331
0.0395351258	0.9982385261	0.0442359451	-0.0487401814
0.0000000000	0.0000000000	0.0000000000	1.0000000000
91	91	92
0.3389286279	0.0126537101	-0.9407269895	-8.1059955059
-0.9395519086	0.0562886637	-0.3377481270	-7.6254460008
0.0486784982	0.9983343478	0.0309666570	-0.0516913848
0.0000000000	0.0000000000	0.0000000000	1.0000000000
92	92	93
0.3925223736	0.0342183624	-0.9191057012	-8.3092048006
-0.9197397304	0.0121704567	-0.3923400416	-7.6468112130
-0.0022392976	0.9993402742	0.0362491639	-0.0648310143
0.0000000000	0.0000000000	0.0000000000	1.0000000000
93	93	94
0.4179433129	0.0079083275	-0.9084386856	-8.5137603443
-0.9081324707	0.0310177596	-0.4175324111	-7.6640270346
0.0248757497	0.9994875472	0.0201454742	-0.0488184712
0.0000000000	0.0000000000	0.0000000000	1.0000000000
94	94	95
0.4200587182	0.0180973809	-0.9073164597	-8.7125631740
-0.9074943310	0.0059852053	-0.4200216858	-7.7124230877
-0.0021708171	0.9998183146	0.0189374082	-0.0688446554
0.0000000000	0.0000000000	0.0000000000	1.0000000000
95	95	96
0.4353241222	0.0113767698	-0.9002019094	-8.9223870457
-0.9002108888	0.0173213476	-0.4351095569	-7.7756708368
0.0106425689	0.9997852470	0.0177818925	-0.0543194602
0.0000000000	0.0000000000	0.0000000000	1.0000000000
96	96	97
0.4303879558	0.0063999223	-0.9026213207	-9.1264591117
-0.9024566253	0.0234255243	-0.4301433300	-7.8132253357
0.0183914938	0.9997050994	0.0158577158	-0.0529640868
0.0000000000	0.0000000000	0.0000000000	1.0000000000
97	97	98
0.4663139713	0.0441397537	-0.8835173809	-9.3282768986
-0.8843563530	-0.0010885340	-0.4668111568	-7.8295087821
-0.0215666682	0.9990247731	0.0385276730	-0.0648978929
0.0000000000	0.0000000000	0.0000000000	1.0000000000
98	98	99
0.4869017736	0.0381973855	-0.8726211220	-9.5322016697
-0.8734520454	0.0245654789	-0.4862901003	-7.8493840681
0.0028613453	0.9989682162	0.0453245597	-0.0449746977
0.0000000000	0.0000000000	0.0000000000	1.0000000000
99	99	100
0.4794823335	0.0644777999	-0.8751795846	-9.7346641897
-0.8770567385	0.0017246417	-0.4803837040	-7.9015253933
-0.0294647131	0.9979176514	0.0573776241	-0.0576736967
0.0000000000	0.0000000000	0.0000000000	1.0000000000
100	100	101
0.4530367289	0.0582658857	-0.8895857512	-9.9468225447
-0.8910691202	-0.0011307081	-0.4538662187	-7.9611687600
-0.0274507790	0.9983004598	0.0514066792	-0.0390904865
0.0000000000	0.0000000000	0.0000000000	1.0000000000
101	101	102
0.4324359643	0.0390831390	-0.9008172096	-10.1508190320
-0.9015022510	0.0377014379	-0.4311290909	-7.9890174868
0.0171122259	0.9985244663	0.0515369955	-0.0365547751
0.0000000000	0.0000000000	0.0000000000	1.0000000000
102	102	103
0.4725544802	0.0572984118	-0.8794368398	-10.3542309477
-0.8810756099	0.0081256309	-0.4729056394	-8.0097105677
-0.0199507629	0.9983240286	0.0543240363	-0.0540464071
0.0000000000	0.0000000000	0.0000000000	1.0000000000
103	103	104
0.5136722023	0.0148217010	-0.8578584882	-10.5547990348
-0.8573528492	0.0472875019	-0.5125524209	-8.0318522960
0.0329690862	0.9987713499	0.0369977028	-0.0369213469
0.0000000000	0.0000000000	0.0000000000	1.0000000000
104	104	105
0.5213158618	0.0282958773	-0.8528945512	-10.7514213341
-0.8533637577	0.0175939110	-0.5210189548	-8.0818325616
0.0002630624	0.9994447447	0.0333186611	-0.0613622085
0.0000000000	0.0000000000	0.0000000000	1.0000000000
105	105	106
0.5400384062	0.0023977556	-0.8416369589	-10.9584393690
-0.8415032504	0.0195887587	-0.5398968050	-8.1482508238
0.0151920827	0.9998052467	0.0125964012	-0.0523896058
0.0000000000	0.0000000000	0.0000000000	1.0000000000
106	106	107
0.5653867689	-0.0203418630	-0.8245750482	-11.1406006200
-0.8241550232	0.0263804699	-0.5657495634	-8.1934643262
0.0332610773	0.9994449857	-0.0018496799	-0.0460939145
0.0000000000	0.0000000000	0.0000000000	1.0000000000
107	107	108
0.6512284318	-0.0441235947	-0.7575979396	-11.3324290801
-0.7585194632	-0.0070019616	-0.6516127658	-8.2267596936
0.0234468259	0.9990015420	-0.0380284818	-0.0695536770
0.0000000000	0.0000000000	0.0000000000	1.0000000000
108	108	109
0.6651655964	-0.0140094553	-0.7465644410	-11.5304620764
-0.7466126519	0.0024487137	-0.6652545015	-8.2543998041
0.0111479758	0.9998988644	-0.0088308365	-0.0551509513
0.0000000000	0.0000000000	0.0000000000	1.0000000000
109	109	110
0.6562112591	0.0042318941	-0.7545653547	-11.7242684843
-0.7545368807	-0.0066600329	-0.6562238487	-8.2925281133
-0.0078024999	0.9999688670	-0.0011772684	-0.0654882404
0.0000000000	0.0000000000	0.0000000000	1.0000000000
110	110	111
0.6247739934	0.0094177446	-0.7807488477	-11.9445385949
-0.7807358214	-0.0058372500	-0.6248339810	-8.3576328992
-0.0104419530	0.9999386144	0.0037058086	-0.0512265069
0.0000000000	0.0000000000	0.0000000000	1.0000000000
111	111	112
0.6165075229	0.0022819534	-0.7873457099	-12.1500541983
-0.7873032541	0.0125681965	-0.6164378529	-8.4047027460
0.0084888331	0.9999184132	0.0095449771	-0.0417974330
0.0000000000	0.0000000000	0.0000000000	1.0000000000
112	112	113
0.6337394966	0.0310831825	-0.7729217853	-12.3640918601
-0.7734971930	0.0141775558	-0.6336411361	-8.4324202195
-0.0087374413	0.9994162460	0.0330276314	-0.0581991645
0.0000000000	0.0000000000	0.0000000000	1.0000000000
113	113	114
0.6629708873	0.0225337561	-0.7483059751	-12.5781535602
-0.7486390572	0.0239967415	-0.6625433710	-8.4642706205
0.0030273144	0.9994580463	0.0327787909	-0.0419165270
0.0000000000	0.0000000000	0.0000000000	1.0000000000
114	114	115
0.6676544964	0.0126888266	-0.7443631286	-12.7861960068
-0.7444620025	0.0163686367	-0.6674641522	-8.5149716346
0.0037148728	0.9997855077	0.0203749431	-0.0559475674
0.0000000000	0.0000000000	0.0000000000	1.0000000000
115	115	116
0.6510638869	0.0091272351	-0.7589680551	-13.0014829114
-0.7589669098	0.0199773850	-0.6508226594	-8.5814081635
0.0092219856	0.9997587697	0.0199338233	-0.0450011825
0.0000000000	0.0000000000	0.0000000000	1.0000000000
116	116	117
0.6330613551	-0.0197587658	-0.7738494116	-13.2006289994
-0.7725335636	0.0474708249	-0.6331969788	-8.6150965379
0.0492464607	0.9986771811	0.0147876350	-0.0389036997
0.0000000000	0.0000000000	0.0000000000	1.0000000000
117	117	118
0.6567209049	-0.0065496314	-0.7541052681	-13.4056786830
-0.7536149073	0.0313855497	-0.6565664618	-8.6381627842
0.0279682767	0.9994858926	0.0156756468	-0.0592510645
0.0000000000	0.0000000000	0.0000000000	1.0000000000
118	118	119
0.6534134514	-0.0054270230	-0.7569817759	-13.6264143444
-0.7562694746	0.0392776793	-0.6530801985	-8.6494080881
0.0332767687	0.9992135964	0.0215602722	-0.0446541317
0.0000000000	0.0000000000	0.0000000000	1.0000000000
119	119	120
0.6611380487	-0.0157492179	-0.7500989553	-13.8387957008
-0.7499524471	0.0149494188	-0.6613227971	-8.6872290276
0.0216288602	0.9997642107	-0.0019275349	-0.0611309986
0.0000000000	0.0000000000	0.0000000000	1.0000000000
120	120	121
0.6508606060	-0.0083064443	-0.7591518126	-14.0585626207
-0.7587764431	0.0261714119	-0.6508251429	-8.7459895152
0.0252741176	0.9996229590	0.0107312068	-0.0612665417
0.0000000000	0.0000000000	0.0000000000	1.0000000000
121	121	122
0.6212326328	-0.0029367775	-0.7836206935	-14.2592664801
-0.7833166012	0.0257795677	-0.6210881710	-8.7831229213
0.0220254005	0.9996633379	0.0137146822	-0.0485542668
0.0000000000	0.0000000000	0.0000000000	1.0000000000
122	122	123
0.6237482846	0.0332757698	-0.7809166413	-14.4592442557
-0.7816252392	0.0262341005	-0.6231964035	-8.8092580589
-0.0002506944	0.9991018442	0.0423726567	-0.0566918608
0.0000000000	0.0000000000	0.0000000000	1.0000000000
123	123	124
0.6347187374	0.0378242773	-0.7718169786	-14.6673707031
-0.7727340912	0.0262060356	-0.6341886691	-8.8413560855
-0.0037614648	0.9989407228	0.0458615703	-0.0430184070
0.0000000000	0.0000000000	0.0000000000	1.0000000000
124	124	125
0.6474303134	0.0340321973	-0.7613644323	-14.8747517062
-0.7621174400	0.0245634623	-0.6469726764	-8.8995410102
-0.0033161552	0.9991188347	0.0418396612	-0.0549395000
0.0000000000	0.0000000000	0.0000000000	1.0000000000
125	125	126
0.6140909194	0.0459657863	-0.7878956081	-15.0965324081
-0.7892083814	0.0275204450	-0.6135085622	-8.9755409659
-0.0065171657	0.9985638545	0.0531766392	-0.0457916528
0.0000000000	0.0000000000	0.0000000000	1.0000000000
126	126	127
0.5990258086	0.0293932236	-0.8001900518	-15.3083599762
-0.8006498942	0.0360970849	-0.5980441015	-9.0246144858
0.0113060842	0.9989159318	0.0451567668	-0.0362378718
0.0000000000	0.0000000000	0.0000000000	1.0000000000
127	127	128
0.6256435784	0.0230637062	-0.7797680285	-15.5382421901
-0.7800963228	0.0242039029	-0.6251910894	-9.0585488309
0.0044542060	0.9994409620	0.0331349289	-0.0696546781
0.0000000000	0.0000000000	0.0000000000	1.0000000000
128	128	129
0.6418252280	-0.0093794293	-0.7667935857	-15.7816571386
-0.7658207170	0.0439744779	-0.6415488093	-9.0832403900
0.0397367093	0.9989886244	0.0210409681	-0.0530157862
0.0000000000	0.0000000000	0.0000000000	1.0000000000
129	129	130
0.6305195059	0.0263399096	-0.7757263447	-16.0047596076
-0.7761309344	0.0318507223	-0.6297668649	-9.1177541448
0.0081194420	0.9991455052	0.0405257203	-0.0589689022
0.0000000000	0.0000000000	0.0000000000	1.0000000000
130	130	131
0.6191539808	0.0186507895	-0.7850480852	-16.2469261694
-0.7849861608	0.0415582135	-0.6181178223	-9.1748449366
0.0210968105	0.9989619927	0.0403715450	-0.0476030405
0.0000000000	0.0000000000	0.0000000000	1.0000000000
131	131	132
0.5975842497	-0.0057453975	-0.8017855417	-16.4891710868
-0.8000090631	0.0626400863	-0.5967090737	-9.2053139277
0.0536522464	0.9980196441	0.0328363589	-0.0435916916
0.0000000000	0.0000000000	0.0000000000	1.0000000000
132	132	133
0.6217729906	0.0454487266	-0.7818777151	-16.7218977186
-0.7826418811	-0.0015422573	-0.6224703265	-9.2352598487
-0.0294963403	0.9989654822	0.0346111430	-0.0533104655
0.0000000000	0.0000000000	0.0000000000	1.0000000000
133	133	134
0.6536242315	0.0205362923	-0.7565405638	-16.9366764826
-0.7568180350	0.0195208751	-0.6533340626	-9.2692519529
0.0013512746	0.9995985175	0.0283015534	-0.0364801686
0.0000000000	0.0000000000	0.0000000000	1.0000000000
134	134	135
0.6431760585	0.0481846532	-0.7642007570	-17.1449046849
-0.7651874601	0.0032886549	-0.6437991423	-9.3322647946
-0.0285080458	0.9988330311	0.0389854765	-0.0529010019
0.0000000000	0.0000000000	0.0000000000	1.0000000000
135	135	136
0.6212378701	0.0449750639	-0.7823303346	-17.3540432458
-0.7836132775	0.0309323253	-0.6204783820	-9.3959384761
-0.0037067585	0.9985091061	0.0544593891	-0.0288404712
0.0000000000	0.0000000000	0.0000000000	1.0000000000
136	136	137
0.6139190557	0.0141085905	-0.7892428908	-17.5496476072
-0.7890863668	0.0377214068	-0.6131229903	-9.4364837060
0.0211210510	0.9991886925	0.0342907868	-0.0368063671
0.0000000000	0.0000000000	0.0000000000	1.0000000000
137	137	138
0.6333542766	0.0254612294	-0.7734430077	-17.7564336744
-0.7738372038	0.0288348912	-0.6327278491	-9.4642817700
0.0061921160	0.9992598635	0.0379655482	-0.0448300259
0.0000000000	0.0000000000	0.0000000000	1.0000000000
138	138	139
0.6437188981	0.0024540858	-0.7652580987	-17.9614241149
-0.7649593836	0.0301847805	-0.6433708265	-9.4901501747
0.0215202605	0.9995413231	0.0213077896	-0.0356188159
0.0000000000	0.0000000000	0.0000000000	1.0000000000
139	139	140
0.6529878433	-0.0020118900	-0.7573657166	-18.1673729983
-0.7571703866	0.0211305982	-0.6528755651	-9.5378943095
0.0173171044	0.9997746997	0.0122746802	-0.0566901366
0.0000000000	0.0000000000	0.0000000000	1.0000000000
140	140	141
0.6605475961	0.0285196255	-0.7502422970	-18.3696321415
-0.7507683881	0.0315709794	-0.6598106551	-9.6028014158
0.0048683314	0.9990945422	0.0422657678	-0.0348831610
0.0000000000	0.0000000000	0.0000000000	1.0000000000
141	141	142
0.6752847571	0.0154535999	-0.7373952014	-18.5621074544
-0.7372903011	0.0410334387	-0.6743287542	-9.6470637011
0.0198370540	0.9990382591	0.0391030450	-0.0369106704
0.0000000000	0.0000000000	0.0000000000	1.0000000000
142	142	143
0.6948853892	0.0323908082	-0.7183906538	-18.7742681644
-0.7189308399	0.0083487867	-0.6950314706	-9.6740243346
-0.0165149407	0.9994404101	0.0290882008	-0.0551140968
0.0000000000	0.0000000000	0.0000000000	1.0000000000
143	143	144
0.7166747045	0.0087125415	-0.6973531813	-18.9864997100
-0.6973675319	0.0196718594	-0.7164436778	-9.6971675491
0.0074761885	0.9997685280	0.0201741676	-0.0476972036
0.0000000000	0.0000000000	0.0000000000	1.0000000000
144	144	145
0.7052711254	0.0305326123	-0.7082798877	-19.1933219249
-0.7086287576	0.0008705677	-0.7055809848	-9.7453976330
-0.0209266251	0.9995333920	0.0222502734	-0.0647971244
0.0000000000	0.0000000000	0.0000000000	1.0000000000
145	145	146
0.6691541792	0.0200804705	-0.7428522458	-19.4215094088
-0.7429750988	-0.0019052939	-0.6693163471	-9.8098459750
-0.0148555390	0.9997965516	0.0136443542	-0.0533982282
0.0000000000	0.0000000000	0.0000000000	1.0000000000
146	146	147
0.6568810964	0.0080197377	-0.7539515296	-19.6390876938
-0.7538990513	0.0228696106	-0.6565921119	-9.8472669468
0.0119768814	0.9997062892	0.0210686875	-0.0495650785
0.0000000000	0.0000000000	0.0000000000	1.0000000000
147	147	148
0.6964615735	0.0446275471	-0.7162050395	-19.8547573699
-0.7169163298	-0.0000955891	-0.6971592121	-9.8738275513
-0.0311809670	0.9990036901	0.0319276432	-0.0662040427
0.0000000000	0.0000000000	0.0000000000	1.0000000000
148	148	149
0.7129073287	0.0129809673	-0.7011381000	-20.0770529001
-0.7012448027	0.0193893993	-0.7126568444	-9.8962514797
0.0043436714	0.9997277358	0.0229256807	-0.0479365299
0.0000000000	0.0000000000	0.0000000000	1.0000000000
149	149	150
0.6909327274	0.0327330566	-0.7221776189	-20.2924266355
-0.7228698134	0.0196225265	-0.6907055735	-9.9438338868
-0.0084379551	0.9992714864	0.0372195843	-0.0639051734
0.0000000000	0.0000000000	0.0000000000	1.0000000000
150	150	151
0.6641605348	0.0256063181	-0.7471513237	-20.5127155029
-0.7475849543	0.0264145458	-0.6636407219	-10.0072461073
0.0027422674	0.9993230650	0.0366863970	-0.0500624333
0.0000000000	0.0000000000	0.0000000000	1.0000000000
151	151	152
0.6368138487	0.0112090563	-0.7709361058	-20.7240671432
-0.7707171736	0.0371641219	-0.6360926555	-10.0454525319
0.0215211650	0.9992463085	0.0323056397	-0.0526415374
0.0000000000	0.0000000000	0.0000000000	1.0000000000
152	152	153
0.6507348568	0.0470814062	-0.7578439729	-20.9424439390
-0.7586621759	-0.0007466035	-0.6514838029	-10.0753560082
-0.0312385825	0.9988907767	0.0352330412	-0.0629282822
0.0000000000	0.0000000000	0.0000000000	1.0000000000
153	153	154
0.6615796559	0.0081519786	-0.7498305836	-21.1638710123
-0.7498315610	0.0179416246	-0.6613854612	-10.1036540915
0.0080615787	0.9998058028	0.0179824247	-0.0493895047
0.0000000000	0.0000000000	0.0000000000	1.0000000000
154	154	155
0.6363459930	0.0233556145	-0.7710501232	-21.3839059287
-0.7713702046	0.0099412872	-0.6363090274	-10.1590009445
-0.0071961576	0.9996777911	0.0243419234	-0.0665534728
0.0000000000	0.0000000000	0.0000000000	1.0000000000
155	155	156
0.6101695651	0.0233586064	-0.7919264343	-21.6008427275
-0.7922657717	0.0215689270	-0.6097948249	-10.2191973553
0.0028370461	0.9994944507	0.0316669271	-0.0502523358
0.0000000000	0.0000000000	0.0000000000	1.0000000000
156	156	157
0.5873037523	0.0026883552	-0.8093621410	-21.8055684018
-0.8091637682	0.0243368092	-0.5870789690	-10.2489224961
0.0181190152	0.9997002013	0.0164684190	-0.0603399457
0.0000000000	0.0000000000	0.0000000000	1.0000000000
157	157	158
0.6033099744	0.0248978946	-0.7971180400	-22.0216351904
-0.7974725468	0.0095724879	-0.6032792923	-10.2576792892
-0.0073899815	0.9996441679	0.0256305649	-0.0643391709
0.0000000000	0.0000000000	0.0000000000	1.0000000000
158	158	159
0.6143100423	0.0107276235	-0.7889918187	-22.2342676607
-0.7889754765	0.0233910937	-0.6139792784	-10.2696389348
0.0118688430	0.9996688326	0.0228332157	-0.0486465592
0.0000000000	0.0000000000	0.0000000000	1.0000000000
159	159	160
0.5942787604	0.0147875868	-0.8041231760	-22.4572629092
-0.8041713380	0.0256986020	-0.5938417643	-10.2998505301
0.0118833549	0.9995603579	0.0271638868	-0.0682886536
0.0000000000	0.0000000000	0.0000000000	1.0000000000
160	160	161
0.5796977155	0.0192762519	-0.8146035753	-22.6824897217
-0.8145577441	0.0396267511	-0.5787273988	-10.3375052337
0.0211243980	0.9990286015	0.0386731573	-0.0506984542
0.0000000000	0.0000000000	0.0000000000	1.0000000000
161	161	162
0.5935307642	0.0079850190	-0.8047716890	-22.8938464126
-0.8041071368	0.0477040920	-0.5925673229	-10.3602955806
0.0336592413	0.9988295946	0.0347346569	-0.0535016200
0.0000000000	0.0000000000	0.0000000000	1.0000000000
162	162	163
0.6269619016	0.0306110681	-0.7784482876	-23.1124773537
-0.7789142884	0.0059861558	-0.6271018237	-10.3712374203
-0.0145363439	0.9995134459	0.0275964900	-0.0603622548
0.0000000000	0.0000000000	0.0000000000	1.0000000000
163	163	164
0.6653331769	-0.0031008847	-0.7465401183	-23.3221522724
-0.7464936025	0.0091471996	-0.6653297154	-10.3972023289
0.0088918623	0.9999533555	0.0037711448	-0.0534223186
0.0000000000	0.0000000000	0.0000000000	1.0000000000
164	164	165
0.6644115853	0.0293770367	-0.7467892842	-23.5237943055
-0.7471592008	0.0025545745	-0.6646402055	-10.4507265883
-0.0176174309	0.9995651374	0.0236466122	-0.0693483971
0.0000000000	0.0000000000	0.0000000000	1.0000000000
165	165	166
0.6501415957	0.0359291463	-0.7589631098	-23.7286394854
-0.7596093039	0.0076027693	-0.6503352239	-10.5086766238
-0.0175957680	0.9993254196	0.0322349904	-0.0497871336
0.0000000000	0.0000000000	0.0000000000	1.0000000000
166	166	167
0.6720847205	0.0142021025	-0.7403380503	-23.9280414002
-0.7404384472	0.0227228473	-0.6717399631	-10.5465561485
0.0072824686	0.9996409218	0.0257874612	-0.0587280163
0.0000000000	0.0000000000	0.0000000000	1.0000000000
167	167	168
0.6780496255	0.0468532359	-0.7335212878	-24.1402346303
-0.7346431740	0.0114126943	-0.6783576913	-10.5678859817
-0.0234117987	0.9988365856	0.0421587830	-0.0578028636
0.0000000000	0.0000000000	0.0000000000	1.0000000000
168	168	169
0.6932109551	0.0053188957	-0.7207151179	-24.3509575315
-0.7207111025	0.0132150135	-0.6931095658	-10.5933393268
0.0058376825	0.9998985312	0.0129941793	-0.0547303934
0.0000000000	0.0000000000	0.0000000000	1.0000000000
169	169	170
0.6766775144	0.0201658344	-0.7360033157	-24.5715008862
-0.7362625079	0.0253295996	-0.6762218059	-10.6408080040
0.0050060923	0.9994757378	0.0319873183	-0.0714772168
0.0000000000	0.0000000000	0.0000000000	1.0000000000
170	170	171
0.6400980145	0.0042370586	-0.7682815755	-24.7994286639
-0.7682727363	0.0108390019	-0.6400308732	-10.6991290663
0.0056155572	0.9999322794	0.0101932402	-0.0602121122
0.0000000000	0.0000000000	0.0000000000	1.0000000000
171	171	172
0.6509374762	-0.0029352836	-0.7591256722	-25.0043494424
-0.7588768516	0.0233753887	-0.6508145015	-10.7397355646
0.0196551828	0.9997224491	0.0129883978	-0.0649935352
0.0000000000	0.0000000000	0.0000000000	1.0000000000
172	172	173
0.6645892495	0.0331636799	-0.7464725713	-25.2185949634
-0.7470923476	0.0118481790	-0.6646146589	-10.7661012541
-0.0131967272	0.9993797031	0.0326505039	-0.0657272155
0.0000000000	0.0000000000	0.0000000000	1.0000000000
173	173	174
0.6900249413	-0.0058050448	-0.7237623104	-25.4276634288
-0.7237258581	0.0073128581	-0.6900488421	-10.8077860887
0.0092985355	0.9999564108	0.0008447934	-0.0580721494
0.0000000000	0.0000000000	0.0000000000	1.0000000000
174	174	175
0.6765175893	0.0158663390	-0.7362555335	-25.6436192646
-0.7364141798	0.0087984630	-0.6764737562	-10.8696361299
-0.0042552449	0.9998354096	0.0176365120	-0.0785693705
0.0000000000	0.0000000000	0.0000000000	1.0000000000
175	175	176
0.6778552114	-0.0152938788	-0.7350363322	-25.8696096806
-0.7347093574	0.0222575544	-0.6780167855	-10.9345863310
0.0267296177	0.9996352828	0.0038508434	-0.0575968650
0.0000000000	0.0000000000	0.0000000000	1.0000000000
176	176	177
0.6945691435	-0.0179564197	-0.7192018297	-26.0867568102
-0.7187437183	0.0262066752	-0.6947810285	-10.9743507803
0.0313236685	0.9994952612	0.0052962841	-0.0709068262
0.0000000000	0.0000000000	0.0000000000	1.0000000000
177	177	178
0.7387207656	0.0048707061	-0.6739939961	-26.3011508391
-0.6739645327	-0.0064788573	-0.7387352930	-11.0091214767
-0.0079648734	0.9999671498	-0.0015033833	-0.0658713283
0.0000000000	0.0000000000	0.0000000000	1.0000000000
178	178	179
0.7760415861	-0.0215894221	-0.6303121080	-26.4995546642
-0.6302452926	0.0106275815	-0.7763233383	-11.0479397374
0.0234590655	0.9997104338	-0.0053591865	-0.0563506765
