1	1	2
-0.3217167503	0.1094972678	-0.9404832167	-1.0384091270
-0.9460718055	-0.0770735445	0.3146550614	1.7905126644
-0.0380325055	0.9909944587	0.1283881281	0.2015656886
0.0000000000	0.0000000000	0.0000000000	1.0000000000
2	2	3
-0.2324313950	0.1168827984	-0.9655641139	-1.0037165702
-0.9715241687	-0.0748583215	0.2248044067	1.8192796292
-0.0460047407	0.9903204750	0.1309538877	0.2049105582
0.0000000000	0.0000000000	0.0000000000	1.0000000000
3	3	4
-0.2244478805	0.1440356735	-0.9637825863	-0.9914225479
-0.9742487504	-0.0549938234	0.2186665309	1.8449035797
-0.0215063082	0.9880432198	0.1526698220	0.2129227705
0.0000000000	0.0000000000	0.0000000000	1.0000000000
4	4	5
-0.2826323765	0.1471480475	-0.9478746710	-1.0085730961
-0.9584124785	-0.0840660516	0.2727240732	1.8653750989
-0.0395532662	0.9855355656	0.1647883129	0.2385780320
0.0000000000	0.0000000000	0.0000000000	1.0000000000
5	5	6
-0.2691776910	0.1046706583	-0.9573857237	-1.0472073231
-0.9614280580	-0.0875879117	0.2607382732	1.8918097200
-0.0565637695	0.9906424234	0.1242100196	0.2467798746
0.0000000000	0.0000000000	0.0000000000	1.0000000000
6	6	7
-0.2472110637	0.0755425181	-0.9660124316	-1.1075372374
-0.9686734989	-0.0435793760	0.2444841314	1.9112937215
-0.0236292720	0.9961898243	0.0839493392	0.2634879562
0.0000000000	0.0000000000	0.0000000000	1.0000000000
7	7	8
-0.2624977044	0.0330360141	-0.9643669307	-1.1546260037
-0.9647758698	-0.0269988983	0.2616841237	1.9420687330
-0.0173918443	0.9990894261	0.0389594981	0.2739079615
0.0000000000	0.0000000000	0.0000000000	1.0000000000
8	8	9
-0.2540052614	0.0279026194	-0.9668002746	-1.1559006827
-0.9669824034	-0.0286658165	0.2532257936	1.9922673630
-0.0206484563	0.9991995370	0.0342626102	0.3052702813
0.0000000000	0.0000000000	0.0000000000	1.0000000000
9	9	10
-0.2510344654	0.0404654757	-0.9671319675	-1.1161029299
-0.9668820220	-0.0580169956	0.2485421165	2.0598308341
-0.0460527161	0.9974951496	0.0536896064	0.3123196748
0.0000000000	0.0000000000	0.0000000000	1.0000000000
10	10	11
-0.3031277771	0.0293268388	-0.9524985497	-1.0710133757
-0.9515667555	-0.0631487691	0.3008869270	2.1617738930
-0.0513250486	0.9975731399	0.0470485909	0.3282258255
0.0000000000	0.0000000000	0.0000000000	1.0000000000
11	11	12
-0.2905368951	0.0598076939	-0.9549928546	-1.0534494187
-0.9567437471	-0.0339660461	0.2889423994	2.2731546253
-0.0151563528	0.9976318697	0.0670890267	0.3392670297
0.0000000000	0.0000000000	0.0000000000	1.0000000000
12	12	13
-0.2737338313	0.1013205722	-0.9564538312	-1.0203387609
-0.9617960889	-0.0244405127	0.2726736964	2.3777121261
0.0042512330	0.9945535697	0.1041399253	0.3581109867
0.0000000000	0.0000000000	0.0000000000	1.0000000000
13	13	14
-0.2568634847	0.1044506259	-0.9607867698	-1.0104700790
-0.9661023655	-0.0543248697	0.2523787391	2.4934944936
-0.0258334988	0.9930452534	0.1148640721	0.3667195429
0.0000000000	0.0000000000	0.0000000000	1.0000000000
14	14	15
-0.2556173122	0.1276910280	-0.9583082965	-0.9841296630
-0.9646958332	-0.0987106984	0.2441682768	2.6101465262
-0.0634171830	0.9868896592	0.1484151661	0.3707230269
0.0000000000	0.0000000000	0.0000000000	1.0000000000
15	15	16
-0.2201691617	0.1582163057	-0.9625451370	-0.9245912912
-0.9712656269	-0.1269841400	0.2012911082	2.7394749769
-0.0903804309	0.9792051005	0.1816280510	0.3677661714
0.0000000000	0.0000000000	0.0000000000	1.0000000000
16	16	17
-0.2611709314	0.0989883190	-0.9602036541	-0.8581361258
-0.9613113070	-0.1169229640	0.2494185069	2.8867269110
-0.0875803386	0.9881954934	0.1256954698	0.3560858119
0.0000000000	0.0000000000	0.0000000000	1.0000000000
17	17	18
-0.2542656742	0.0614812516	-0.9651782336	-0.7620410489
-0.9636073475	-0.1012583593	0.2474017471	3.0453682104
-0.0825217953	0.9929586096	0.0849903108	0.3556653451
0.0000000000	0.0000000000	0.0000000000	1.0000000000
18	18	19
-0.2182425626	0.0625614802	-0.9738871829	-0.6583325650
-0.9747696804	-0.0618758979	0.2144654831	3.1780756087
-0.0468428658	0.9961211947	0.0744869885	0.3621974215
0.0000000000	0.0000000000	0.0000000000	1.0000000000
19	19	20
-0.2187583862	0.0592415309	-0.9739790601	-0.5884188126
-0.9755381199	-0.0354580396	0.2169518472	3.3326694639
-0.0216828286	0.9976137371	0.0655491152	0.3619534443
0.0000000000	0.0000000000	0.0000000000	1.0000000000
20	20	21
-0.2531007041	0.0358475494	-0.9667755617	-0.5406594643
-0.9666455500	-0.0498592108	0.2512179128	3.5077418531
-0.0391971200	0.9981127252	0.0472712754	0.3501279524
0.0000000000	0.0000000000	0.0000000000	1.0000000000
21	21	22
-0.2706860688	0.0567054300	-0.9609961219	-0.4915774073
-0.9623550138	-0.0413798248	0.2686271347	3.6846402726
-0.0245332339	0.9975330593	0.0657716970	0.3445794374
0.0000000000	0.0000000000	0.0000000000	1.0000000000
22	22	23
-0.2527015777	0.0916372575	-0.9631949572	-0.4168143576
-0.9662518057	0.0275366493	0.2561233704	3.8540954970
0.0499936050	0.9954116465	0.0815861108	0.3270085675
0.0000000000	0.0000000000	0.0000000000	1.0000000000
23	23	24
-0.2607426081	0.0749798375	-0.9624922422	-0.3282202911
-0.9652058664	0.0001717756	0.2614911202	3.9905182973
0.0197718944	0.9971850352	0.0723261898	0.3122681917
0.0000000000	0.0000000000	0.0000000000	1.0000000000
24	24	25
-0.2516034785	0.0913630840	-0.9635084206	-0.2513112828
-0.9678300705	-0.0229257299	0.2505581081	4.1304407292
0.0008026277	0.9955537142	0.0941921334	0.3203553934
0.0000000000	0.0000000000	0.0000000000	1.0000000000
25	25	26
-0.2175332143	0.1013898104	-0.9707725826	-0.1934832067
-0.9749569994	0.0245469205	0.2210346082	4.2834477208
0.0462401344	0.9945438930	0.0935109348	0.3364015446
0.0000000000	0.0000000000	0.0000000000	1.0000000000
26	26	27
-0.2267422037	0.0922220969	-0.9695788044	-0.1407539630
-0.9739349450	-0.0278276454	0.2251140711	4.4759839695
-0.0062206035	0.9953495401	0.0961280245	0.3488272474
0.0000000000	0.0000000000	0.0000000000	1.0000000000
27	27	28
-0.2269996400	0.1091734429	-0.9677563344	-0.1200887512
-0.9733220843	-0.0595065526	0.2215921714	4.6705124261
-0.0333958629	0.9922399556	0.1197688890	0.3743953807
0.0000000000	0.0000000000	0.0000000000	1.0000000000
28	28	29
-0.2386223185	0.0969289370	-0.9662629923	-0.0732413339
-0.9710170275	-0.0377633223	0.2360081857	4.8675666717
-0.0136132782	0.9945746391	0.1031308198	0.3748205462
0.0000000000	0.0000000000	0.0000000000	1.0000000000
29	29	30
-0.2489383338	0.0924864499	-0.9640933370	-0.0032452441
-0.9678282738	-0.0613517954	0.2440171912	5.0555510314
-0.0365805734	0.9938220232	0.1047838149	0.3686281395
0.0000000000	0.0000000000	0.0000000000	1.0000000000
30	30	31
-0.2098329083	0.1159607379	-0.9708363703	0.0640218652
-0.9770309856	-0.0626027355	0.2036942577	5.2137003371
-0.0371564761	0.9912789742	0.1264333481	0.3820728787
0.0000000000	0.0000000000	0.0000000000	1.0000000000
31	31	32
-0.1869944399	0.0935611282	-0.9778953905	0.1078167042
-0.9821899496	-0.0363805831	0.1843349021	5.3737637483
-0.0183298231	0.9949486260	0.0986977666	0.3864902814
0.0000000000	0.0000000000	0.0000000000	1.0000000000
32	32	33
-0.1946950381	0.1137418773	-0.9742466975	0.1441521259
-0.9789260984	-0.0849349825	0.1857141422	5.5720751954
-0.0616241510	0.9898731404	0.1278813118	0.3813390705
0.0000000000	0.0000000000	0.0000000000	1.0000000000
33	33	34
-0.2225111019	0.1217679581	-0.9672959081	0.1749825301
-0.9740776807	-0.0692491879	0.2153537135	5.7725133011
-0.0407612741	0.9901399469	0.1340201633	0.3897694872
0.0000000000	0.0000000000	0.0000000000	1.0000000000
34	34	35
-0.2305858693	0.1279727504	-0.9645999855	0.2438089492
-0.9730519451	-0.0305935574	0.2285474708	5.9829896228
-0.0002626966	0.9913057093	0.1315785758	0.3821486748
0.0000000000	0.0000000000	0.0000000000	1.0000000000
35	35	36
-0.3011067020	0.1179419743	-0.9462686958	0.3305995507
-0.9533270266	-0.0139080460	0.3016192079	6.1922923778
0.0224128163	0.9929230871	0.1166250775	0.3709619482
0.0000000000	0.0000000000	0.0000000000	1.0000000000
36	36	37
-0.4004649574	0.1036481089	-0.9104311547	0.4008690816
-0.9162581714	-0.0345187086	0.3990982612	6.3656041194
0.0099388723	0.9940148531	0.1087919599	0.3661848727
0.0000000000	0.0000000000	0.0000000000	1.0000000000
37	37	38
-0.4957715051	0.0868312642	-0.8641012361	0.4536091128
-0.8684327321	-0.0427701420	0.4939588087	6.4956860200
0.0059333352	0.9953044994	0.0966113297	0.3511082074
0.0000000000	0.0000000000	0.0000000000	1.0000000000
38	38	39
-0.6175033011	0.1517461848	-0.7717919205	0.5348959324
-0.7850215750	-0.0573918008	0.6168041082	6.6862289500
0.0493031420	0.9867518820	0.1545636554	0.3462789189
0.0000000000	0.0000000000	0.0000000000	1.0000000000
39	39	40
-0.7494924573	0.1760864244	-0.6381650473	0.6339471063
-0.6575254231	-0.0859535945	0.7485133917	6.8563833805
0.0769504671	0.9806148840	0.1802028715	0.3520066348
0.0000000000	0.0000000000	0.0000000000	1.0000000000
40	40	41
-0.8429530238	0.1779436332	-0.5077068672	0.7395422604
-0.5296650705	-0.1091519579	0.8411544229	6.9008860236
0.0942608755	0.9779682579	0.1862605000	0.3424874803
0.0000000000	0.0000000000	0.0000000000	1.0000000000
41	41	42
-0.9249715469	0.1353074382	-0.3551331224	0.8848354380
-0.3721097826	-0.1325956324	0.9186689872	6.9290891562
0.0772136463	0.9818911831	0.1729964086	0.3299541649
0.0000000000	0.0000000000	0.0000000000	1.0000000000
42	42	43
-0.9461593533	0.1048369321	-0.3062542993	1.0103612835
-0.3214041313	-0.1917459136	0.9273256650	6.8606437056
0.0384949673	0.9758292485	0.2151172127	0.3221169470
0.0000000000	0.0000000000	0.0000000000	1.0000000000
43	43	44
-0.9921101390	0.0083906154	-0.1250882479	1.1070961873
-0.1240194349	-0.2117082209	0.9694322096	6.7721288954
-0.0183480776	0.9772968980	0.2110784718	0.3167134156
0.0000000000	0.0000000000	0.0000000000	1.0000000000
44	44	45
-0.9997331542	-0.0140409940	-0.0183431422	1.1879704508
-0.0146936615	-0.2261922250	0.9739718547	6.6898687628
-0.0178246092	0.9739814823	0.2259255529	0.2983708403
0.0000000000	0.0000000000	0.0000000000	1.0000000000
45	45	46
-0.9782197210	-0.0757139329	0.1932707371	1.2488028986
0.2058473700	-0.2340702845	0.9501778582	6.6604751137
-0.0267027661	0.9692669923	0.2445576823	0.2769070579
0.0000000000	0.0000000000	0.0000000000	1.0000000000
46	46	47
-0.8949176709	-0.1600798513	0.4165294749	1.2945619062
0.4461575733	-0.3379533989	0.8286922951	6.6189416440
0.0081106124	0.9274491584	0.3738613067	0.2898285785
0.0000000000	0.0000000000	0.0000000000	1.0000000000
47	47	48
-0.7812148417	-0.2778132799	0.5590377024	1.3380307608
0.6234525863	-0.3928057196	0.6760255463	6.6010189182
0.0317843326	0.8766546915	0.4800690659	0.3096171070
0.0000000000	0.0000000000	0.0000000000	1.0000000000
48	48	49
-0.6231398504	-0.3572939157	0.6957282405	1.3970059836
0.7775785434	-0.3786443222	0.5019961018	6.5734137209
0.0840733952	0.8537971276	0.5137724488	0.3171985075
0.0000000000	0.0000000000	0.0000000000	1.0000000000
49	49	50
-0.4044046082	-0.3895467773	0.8274721875	1.4813219138
0.8959342728	-0.3504980169	0.2728606218	6.5169078603
0.1837353848	0.8517067855	0.4907513219	0.3044850439
0.0000000000	0.0000000000	0.0000000000	1.0000000000
50	50	51
-0.1783412050	-0.3692394522	0.9120617531	1.5803713820
0.9530914917	-0.2952073865	0.0668521306	6.4484684573
0.2445629223	0.8812007864	0.4045666213	0.2679075399
0.0000000000	0.0000000000	0.0000000000	1.0000000000
51	51	52
0.0538689308	-0.2828926413	0.9576376621	1.7257777245
0.9749829198	-0.1922178446	-0.1116270856	6.3932446523
0.2156535284	0.9396935957	0.2654609236	0.2249776548
0.0000000000	0.0000000000	0.0000000000	1.0000000000
52	52	53
0.2270919453	-0.1437859403	0.9632003176	1.9192732452
0.9525612740	-0.1729842833	-0.2504065833	6.3288584843
0.2026234627	0.9743726397	0.0976815811	0.1902643894
0.0000000000	0.0000000000	0.0000000000	1.0000000000
53	53	54
0.2545084304	-0.0555931548	0.9654713149	2.1010274263
0.9369310903	-0.2331254780	-0.2604086089	6.2903053715
0.2395528979	0.9708562781	-0.0072454443	0.1410500926
0.0000000000	0.0000000000	0.0000000000	1.0000000000
54	54	55
0.3522959626	-0.0483069425	0.9346411044	2.2854982834
0.9126093935	-0.2036237628	-0.3545158079	6.3097004133
0.2074407133	0.9778567393	-0.0276504600	0.1064480260
0.0000000000	0.0000000000	0.0000000000	1.0000000000
55	55	56
0.4250821039	-0.0176843143	0.9049820274	2.5053428253
0.8843608550	-0.2049597854	-0.4194011976	6.3171226147
0.1929017447	0.9786106230	-0.0714854215	0.1109315913
0.0000000000	0.0000000000	0.0000000000	1.0000000000
56	56	57
0.3759848205	-0.0006882541	0.9266255668	2.7127856061
0.9016209635	-0.2304694448	-0.3660102092	6.3046961937
0.2138107880	0.9730793191	-0.0860324685	0.0958156032
0.0000000000	0.0000000000	0.0000000000	1.0000000000
57	57	58
0.4152194668	0.0472274175	0.9084945599	2.9402647163
0.8921043793	-0.2167193474	-0.3964624836	6.2587390646
0.1781644489	0.9750909165	-0.1321178779	0.0834262357
0.0000000000	0.0000000000	0.0000000000	1.0000000000
58	58	59
0.3266727391	0.0249617676	0.9448078279	3.1249264960
0.9197562012	-0.2385070714	-0.3117096522	6.2265779406
0.2175625242	0.9708199045	-0.1008724988	0.0982864015
0.0000000000	0.0000000000	0.0000000000	1.0000000000
59	59	60
0.2994559687	0.0244204694	0.9537975485	3.3467886665
0.9353213289	-0.2049259419	-0.2884083392	6.2040473987
0.1884147940	0.9784727891	-0.0842072824	0.0992454384
0.0000000000	0.0000000000	0.0000000000	1.0000000000
60	60	61
0.2938895536	0.0129555998	0.9557515800	3.5810049630
0.9391191696	-0.1901207336	-0.2861979945	6.1686322387
0.1780003248	0.9816752310	-0.0680413497	0.1341584337
0.0000000000	0.0000000000	0.0000000000	1.0000000000
61	61	62
0.2467117453	0.0077193677	0.9690581645	3.7841352070
0.9635120495	-0.1090783369	-0.2444308631	6.1243474415
0.1038164012	0.9940031830	-0.0343486107	0.1522091243
0.0000000000	0.0000000000	0.0000000000	1.0000000000
62	62	63
0.1332580538	0.0197288473	0.9908849901	3.9681043332
0.9898309565	-0.0528564085	-0.1320639148	6.0664850838
0.0497691531	0.9984072179	-0.0265717659	0.1717690684
0.0000000000	0.0000000000	0.0000000000	1.0000000000
63	63	64
0.0716249482	0.0490409720	0.9962253008	4.1407197940
0.9963035297	-0.0510073670	-0.0691196437	6.0195674555
0.0474251351	0.9974934744	-0.0525130936	0.1737765718
0.0000000000	0.0000000000	0.0000000000	1.0000000000
64	64	65
-0.0084622235	0.0358677015	0.9993207187	4.3221085350
0.9980598566	-0.0613435401	0.0106532939	5.9963244235
0.0616839798	0.9974720438	-0.0352790103	0.1670826143
0.0000000000	0.0000000000	0.0000000000	1.0000000000
65	65	66
-0.0018397520	0.0352316133	0.9993774806	4.4938786255
0.9988170463	-0.0484965658	0.0035483969	5.9865923018
0.0485913915	0.9982017915	-0.0351007143	0.1867646774
0.0000000000	0.0000000000	0.0000000000	1.0000000000
66	66	67
-0.0434734209	0.0450982555	0.9980361762	4.6650663425
0.9980154354	-0.0435911761	0.0454422717	5.9402363328
0.0455549379	0.9980310400	-0.0431136975	0.1759356852
0.0000000000	0.0000000000	0.0000000000	1.0000000000
67	67	68
-0.0431941585	0.0201883482	0.9988627009	4.8492665785
0.9981313916	-0.0423797738	0.0440190861	5.8456021314
0.0432202479	0.9988975850	-0.0183200654	0.1753956762
0.0000000000	0.0000000000	0.0000000000	1.0000000000
68	68	69
0.0104918998	0.0326930425	0.9994103687	5.0323744923
0.9974503707	-0.0708964078	-0.0081521368	5.7507813488
0.0705880869	0.9969477741	-0.0333535253	0.1863857695
0.0000000000	0.0000000000	0.0000000000	1.0000000000
69	69	70
0.0522507968	0.0320790681	0.9981186240	5.2447776207
0.9972070478	-0.0550877339	-0.0504325824	5.6909612740
0.0533662629	0.9979660690	-0.0348678508	0.1746200715
0.0000000000	0.0000000000	0.0000000000	1.0000000000
70	70	71
0.0581094856	0.0107647423	0.9982521766	5.4704908937
0.9967182911	-0.0570731433	-0.0574047429	5.6294851352
0.0563554422	0.9983119636	-0.0140459066	0.1916922550
0.0000000000	0.0000000000	0.0000000000	1.0000000000
71	71	72
0.0492450185	-0.0067969233	0.9987636007	5.6670119956
0.9973488797	-0.0533028884	-0.0495380084	5.5625382378
0.0535736908	0.9985552583	0.0041540021	0.1867135838
0.0000000000	0.0000000000	0.0000000000	1.0000000000
72	72	73
0.0290304176	-0.0267864823	0.9992195551	5.8688845692
0.9994931192	-0.0122896661	-0.0293678195	5.4776052973
0.0130667353	0.9995656299	0.0264161306	0.1903191901
0.0000000000	0.0000000000	0.0000000000	1.0000000000
73	73	74
-0.0257710858	-0.0220876403	0.9994238277	6.0456597666
0.9994954760	-0.0191355525	0.0253500305	5.4206197703
0.0185646048	0.9995728922	0.0225696405	0.2049114325
0.0000000000	0.0000000000	0.0000000000	1.0000000000
74	74	75
-0.0177702030	-0.0410831262	0.9989976960	6.2309579894
0.9997775281	-0.0120851645	0.0172870802	5.3897466634
0.0113628442	0.9990826420	0.0412887422	0.1932056571
0.0000000000	0.0000000000	0.0000000000	1.0000000000
75	75	76
0.0059434011	-0.0308773285	0.9995055110	6.4398131569
0.9995600696	-0.0288608000	-0.0068353108	5.3382538496
0.0290575848	0.9991064232	0.0306922134	0.2067714334
0.0000000000	0.0000000000	0.0000000000	1.0000000000
76	76	77
0.0311970769	-0.0404590506	0.9986940511	6.6293423448
0.9988152650	-0.0360727652	-0.0326622417	5.2713954055
0.0373471393	0.9985298297	0.0392857525	0.1996352023
0.0000000000	0.0000000000	0.0000000000	1.0000000000
77	77	78
0.0276922622	-0.0535889475	0.9981790237	6.8341724621
0.9992655434	-0.0249740926	-0.0290631822	5.1880690581
0.0264860808	0.9982507297	0.0528579996	0.1944823169
0.0000000000	0.0000000000	0.0000000000	1.0000000000
78	78	79
0.0251465539	-0.0598880578	0.9978883061	7.0192756950
0.9984708168	-0.0476533709	-0.0280211401	5.1168723935
0.0492308732	0.9970669871	0.0585981599	0.2123106485
0.0000000000	0.0000000000	0.0000000000	1.0000000000
79	79	80
0.0633272904	-0.0776483583	0.9949675305	7.2144319092
0.9978725330	-0.0105514863	-0.0643356364	5.0677295148
0.0154939428	0.9969249714	0.0768149670	0.2059369278
0.0000000000	0.0000000000	0.0000000000	1.0000000000
80	80	81
0.1039345765	-0.0799183866	0.9913680726	7.4075140335
0.9942566258	-0.0172291043	-0.1056263223	5.0183215563
0.0255218692	0.9966525019	0.0776686858	0.2288393833
0.0000000000	0.0000000000	0.0000000000	1.0000000000
81	81	82
0.1130286094	-0.0613562761	0.9916954880	7.5718382690
0.9926576253	-0.0362959273	-0.1153839009	4.9552412028
0.0430740338	0.9974557700	0.0568032972	0.2180076128
0.0000000000	0.0000000000	0.0000000000	1.0000000000
82	82	83
0.1044262939	-0.0460151563	0.9934675408	7.7114753325
0.9943012584	-0.0167156070	-0.1052881573	4.8803484249
0.0214512640	0.9988008780	0.0440073789	0.2023491890
0.0000000000	0.0000000000	0.0000000000	1.0000000000
83	83	84
0.0870857077	-0.0190194591	0.9960192466	7.8933812425
0.9957600859	-0.0280755722	-0.0875991647	4.7998969747
0.0296298990	0.9994248458	0.0164938372	0.2061162393
0.0000000000	0.0000000000	0.0000000000	1.0000000000
84	84	85
0.1040945781	-0.0195402606	0.9943754306	8.0820438298
0.9945402734	-0.0053395855	-0.1042167615	4.7358428907
0.0073459753	0.9997948125	0.0188777542	0.1937668466
0.0000000000	0.0000000000	0.0000000000	1.0000000000
85	85	86
0.1188310238	-0.0331052035	0.9923624506	8.3102803281
0.9928048289	-0.0108921596	-0.1192473590	4.6680826349
0.0147566782	0.9993925187	0.0315726794	0.2086573162
0.0000000000	0.0000000000	0.0000000000	1.0000000000
86	86	87
0.1285253153	-0.0208857569	0.9914862725	8.4976511824
0.9916060422	-0.0115043227	-0.1287831806	4.6057862285
0.0140961122	0.9997156774	0.0192318461	0.2048356683
0.0000000000	0.0000000000	0.0000000000	1.0000000000
87	87	88
0.1159469891	-0.0266710447	0.9928972510	8.7031176872
0.9932472121	0.0071731115	-0.1157951733	4.5102819991
-0.0040337845	0.9996185282	0.0273226415	0.1894642761
0.0000000000	0.0000000000	0.0000000000	1.0000000000
88	88	89
0.1276154434	-0.0201140242	0.9916197480	8.9006162750
0.9916896001	-0.0138540053	-0.1279054477	4.4181575173
0.0163105985	0.9997017018	0.0181788836	0.1986352639
0.0000000000	0.0000000000	0.0000000000	1.0000000000
89	89	90
0.1635097116	-0.0251130825	0.9862220375	9.1022673812
0.9865026896	-0.0047307231	-0.1636767048	4.3547357661
0.0087759700	0.9996734233	0.0240006042	0.1852857713
0.0000000000	0.0000000000	0.0000000000	1.0000000000
90	90	91
0.2035560664	-0.0518028707	0.9776918688	9.3022704977
0.9781200358	-0.0330639750	-0.2053971013	4.2957807142
0.0429665390	0.9981098317	0.0439390531	0.2046881067
0.0000000000	0.0000000000	0.0000000000	1.0000000000
91	91	92
0.1952123032	-0.0412961935	0.9798912088	9.4868346181
0.9794095321	-0.0442244223	-0.1969801231	4.2270059035
0.0514696519	0.9981677338	0.0318127342	0.2017390721
0.0000000000	0.0000000000	0.0000000000	1.0000000000
92	92	93
0.1419251149	-0.0378431923	0.9891537568	9.6799150926
0.9898697613	0.0015007822	-0.1419704310	4.1403658129
0.0038881100	0.9992825629	0.0376728304	0.1907352686
0.0000000000	0.0000000000	0.0000000000	1.0000000000
93	93	94
0.1140714682	-0.0237069218	0.9931896506	9.8576636180
0.9930858526	-0.0251694010	-0.1146603271	4.0603838318
0.0277162320	0.9994020628	0.0206718981	0.2062544992
0.0000000000	0.0000000000	0.0000000000	1.0000000000
94	94	95
0.1091454555	-0.0201968758	0.9938205853	10.0600575005
0.9940219246	-0.0005702602	-0.1091791565	4.0090996795
0.0027718142	0.9997958597	0.0200138961	0.1878426849
0.0000000000	0.0000000000	0.0000000000	1.0000000000
95	95	96
0.0934614181	-0.0199703126	0.9954225987	10.3004346674
0.9954962572	-0.0140718971	-0.0937506465	3.9478431429
0.0158797141	0.9997015396	0.0185651920	0.1993369202
0.0000000000	0.0000000000	0.0000000000	1.0000000000
96	96	97
0.0966799044	-0.0196051545	0.9951224216	10.5035336544
0.9950889175	-0.0194296607	-0.0970594379	3.8743560978
0.0212377563	0.9996189905	0.0176304142	0.1992971670
0.0000000000	0.0000000000	0.0000000000	1.0000000000
97	97	98
0.0588677482	-0.0393988540	0.9974880042	10.7115162078
0.9981377344	0.0183274540	-0.0581821936	3.7822691368
-0.0159891037	0.9990554713	0.0404043788	0.1884801643
0.0000000000	0.0000000000	0.0000000000	1.0000000000
98	98	99
0.0335959315	-0.0459236890	0.9983798516	10.8796442808
0.9994279342	-0.0023425395	-0.0337389525	3.6971213868
0.0038881614	0.9989422042	0.0458187178	0.2089128635
0.0000000000	0.0000000000	0.0000000000	1.0000000000
99	99	100
0.0423831930	-0.0586400316	0.9973790712	11.0565763213
0.9988320446	0.0256671413	-0.0409358594	3.6503416122
-0.0231993894	0.9979491693	0.0596593980	0.2002023756
0.0000000000	0.0000000000	0.0000000000	1.0000000000
100	100	101
0.0702857344	-0.0485806260	0.9963432332	11.2753130377
0.9973032837	0.0245699683	-0.0691554546	3.5854778845
-0.0211205063	0.9985170201	0.0501765361	0.2178951512
0.0000000000	0.0000000000	0.0000000000	1.0000000000
101	101	102
0.0920428311	-0.0542870288	0.9942741250	11.4595857913
0.9955226459	-0.0165550097	-0.0930623082	3.4978485471
0.0215122940	0.9983881260	0.0525201966	0.2192300748
0.0000000000	0.0000000000	0.0000000000	1.0000000000
102	102	103
0.0484004331	-0.0557044062	0.9972734917	11.6584390775
0.9987586531	0.0144653285	-0.0476645266	3.4055762330
-0.0117707645	0.9983425131	0.0563353859	0.2055857233
0.0000000000	0.0000000000	0.0000000000	1.0000000000
103	103	104
0.0035118270	-0.0378019423	0.9992790803	11.8380546825
0.9993415480	-0.0359545865	-0.0048721803	3.3298211151
0.0361128440	0.9986382132	0.0376507852	0.2207000248
0.0000000000	0.0000000000	0.0000000000	1.0000000000
104	104	105
-0.0051922626	-0.0337335227	0.9994173752	12.0388969811
0.9999546271	-0.0081572073	0.0049197221	3.2702595012
0.0079864951	0.9993975732	0.0337743464	0.1966749703
0.0000000000	0.0000000000	0.0000000000	1.0000000000
105	105	106
-0.0285251460	-0.0132030097	0.9995058762	12.2591801307
0.9993929870	-0.0203824315	0.0282526817	3.1975386472
0.0199993396	0.9997050750	0.0137764071	0.2031667624
0.0000000000	0.0000000000	0.0000000000	1.0000000000
106	106	107
-0.0577150550	0.0030618782	0.9983284015	12.4427987741
0.9975423969	-0.0396150676	0.0577911143	3.1262230808
0.0397257965	0.9992103239	-0.0007679675	0.2060017854
0.0000000000	0.0000000000	0.0000000000	1.0000000000
107	107	108
-0.1630676233	0.0403469329	0.9857895695	12.6361363993
0.9861753613	-0.0231556409	0.1640791670	3.0437764734
0.0294466804	0.9989173846	-0.0360132158	0.1844079754
0.0000000000	0.0000000000	0.0000000000	1.0000000000
108	108	109
-0.1827614522	0.0125554875	0.9830771136	12.8285378154
0.9829921265	-0.0159939253	0.1829499208	2.9693221393
0.0180202874	0.9997932557	-0.0094188723	0.1980161156
0.0000000000	0.0000000000	0.0000000000	1.0000000000
109	109	110
-0.1698496304	0.0003048183	0.9854699438	13.0192432993
0.9854698252	0.0006324502	0.1698494143	2.9043009273
-0.0005714874	0.9999997535	-0.0004078106	0.1882920544
0.0000000000	0.0000000000	0.0000000000	1.0000000000
110	110	111
-0.1302885820	-0.0077800446	0.9914455892	13.2471808462
0.9914706074	0.0023105121	0.1303100007	2.8488938779
-0.0033045647	0.9999670657	0.0074126522	0.2031797309
0.0000000000	0.0000000000	0.0000000000	1.0000000000
111	111	112
-0.1184268648	-0.0105497148	0.9929067334	13.4615288821
0.9928468462	-0.0165376753	0.1182440078	2.7765101357
0.0151729286	0.9998075859	0.0124327561	0.2106937593
0.0000000000	0.0000000000	0.0000000000	1.0000000000
112	112	113
-0.1407721557	-0.0329210568	0.9894945195	13.6646275130
0.9900323710	-0.0002685459	0.1408397394	2.6858814070
-0.0043708683	0.9994579190	0.0326307157	0.1948335901
0.0000000000	0.0000000000	0.0000000000	1.0000000000
113	113	114
-0.1805564167	-0.0300262358	0.9831062026	13.8616002370
0.9835205676	-0.0149727921	0.1801752164	2.6127122292
0.0093098613	0.9994369618	0.0322348541	0.2162481705
0.0000000000	0.0000000000	0.0000000000	1.0000000000
114	114	115
-0.1872568127	-0.0184847687	0.9821370573	14.0674151555
0.9822466924	-0.0149631384	0.1869960953	2.5602760692
0.0112392731	0.9997171689	0.0209585525	0.2033640931
0.0000000000	0.0000000000	0.0000000000	1.0000000000
115	115	116
-0.1645181731	-0.0194137898	0.9861829828	14.2924982662
0.9862302199	-0.0203110596	0.1641262142	2.5025353317
0.0168441095	0.9996052049	0.0224880046	0.2148367212
0.0000000000	0.0000000000	0.0000000000	1.0000000000
116	116	117
-0.1439100616	-0.0072119098	0.9895644913	14.4771704477
0.9880538683	-0.0567567699	0.1432767340	2.4290022394
0.0551311853	0.9983619872	0.0152936257	0.2201199210
0.0000000000	0.0000000000	0.0000000000	1.0000000000
117	117	118
-0.1723267604	-0.0111260919	0.9849770037	14.6480925132
0.9844932085	-0.0352532968	0.1718439042	2.3512650696
0.0328117356	0.9993164740	0.0170286484	0.2022004223
0.0000000000	0.0000000000	0.0000000000	1.0000000000
118	118	119
-0.1709535943	-0.0149332627	0.9851659080	14.8454312597
0.9845225435	-0.0417648128	0.1702088767	2.2528026616
0.0386034959	0.9990158648	0.0218419786	0.2167842216
0.0000000000	0.0000000000	0.0000000000	1.0000000000
119	119	120
-0.1805063712	0.0052566591	0.9835597681	15.0184776062
0.9831591056	-0.0280713501	0.1805828682	2.1926635715
0.0285591132	0.9995921002	-0.0001010747	0.2032384897
0.0000000000	0.0000000000	0.0000000000	1.0000000000
120	120	121
-0.1663619122	-0.0079987795	0.9860323188	15.2016584644
0.9855901412	-0.0323707869	0.1660247140	2.1336621322
0.0305906470	0.9994439212	0.0132687842	0.2049254577
0.0000000000	0.0000000000	0.0000000000	1.0000000000
121	121	122
-0.1296466964	-0.0124137660	0.9914825427	15.3834683546
0.9911212241	-0.0313746175	0.1292066272	2.0659635638
0.0295034447	0.9994306038	0.0163711625	0.2162202295
0.0000000000	0.0000000000	0.0000000000	1.0000000000
122	122	123
-0.1316757327	-0.0390878940	0.9905219018	15.5654622367
0.9912870429	-0.0086103838	0.1314376650	1.9723770170
0.0033911522	0.9991986779	0.0398811015	0.2095539349
0.0000000000	0.0000000000	0.0000000000	1.0000000000
123	123	124
-0.1467483579	-0.0443601349	0.9881786771	15.7511076780
0.9891670895	-0.0102763245	0.1464338285	1.8981388230
0.0036590204	0.9989627498	0.0453876193	0.2221246444
0.0000000000	0.0000000000	0.0000000000	1.0000000000
124	124	125
-0.1620023115	-0.0413726803	0.9859226909	15.9436763376
0.9867819886	-0.0109121335	0.1616855970	1.8520390899
0.0040691535	0.9990841940	0.0425936066	0.2103933171
0.0000000000	0.0000000000	0.0000000000	1.0000000000
125	125	126
-0.1194240121	-0.0552906104	0.9913026045	16.1624928294
0.9928430729	-0.0073882364	0.1191975110	1.8098466923
0.0007334748	0.9984429690	0.0557772324	0.2171349386
0.0000000000	0.0000000000	0.0000000000	1.0000000000
126	126	127
-0.1004979301	-0.0440433728	0.9939619446	16.3649977981
0.9947595161	-0.0233313094	0.0995447394	1.7460430391
0.0188061476	0.9987571433	0.0461573125	0.2231375703
0.0000000000	0.0000000000	0.0000000000	1.0000000000
127	127	128
-0.1336376901	-0.0283639790	0.9906242741	16.5735316117
0.9909608421	-0.0156551774	0.1332348482	1.6596110005
0.0117293283	0.9994750623	0.0301997143	0.1909366831
0.0000000000	0.0000000000	0.0000000000	1.0000000000
128	128	129
-0.1558538132	-0.0128614791	0.9876963963	16.7864960921
0.9868009432	-0.0465389341	0.1551064992	1.5602555300
0.0439714385	0.9988336748	0.0199449901	0.2054056111
0.0000000000	0.0000000000	0.0000000000	1.0000000000
129	129	130
-0.1430697693	-0.0358567765	0.9890628558	16.9959766047
0.9895715676	-0.0220530867	0.1423438585	1.4852623536
0.0167078969	0.9991135836	0.0386379766	0.1956676271
0.0000000000	0.0000000000	0.0000000000	1.0000000000
130	130	131
-0.1268875431	-0.0365753968	0.9912425494	17.2303552546
0.9915213855	-0.0329019513	0.1257092027	1.4173262714
0.0280159501	0.9987891179	0.0404401359	0.2052385517
0.0000000000	0.0000000000	0.0000000000	1.0000000000
131	131	132
-0.1039907779	-0.0267102644	0.9942195330	17.4445395020
0.9928373259	-0.0619086412	0.1021829951	1.3242425952
0.0588214455	0.9977243517	0.0329568753	0.2114506111
0.0000000000	0.0000000000	0.0000000000	1.0000000000
132	132	133
-0.1313524892	-0.0372223258	0.9906366751	17.6498774732
0.9911413953	0.0148545713	0.1319775599	1.2290953294
-0.0196279948	0.9991965974	0.0349414030	0.2021101165
0.0000000000	0.0000000000	0.0000000000	1.0000000000
133	133	134
-0.1695997472	-0.0266375044	0.9851529674	17.8349370087
0.9855030462	-0.0090829194	0.1694144226	1.1535448276
0.0044352875	0.9996038935	0.0277918026	0.2184696901
0.0000000000	0.0000000000	0.0000000000	1.0000000000
134	134	135
-0.1581670444	-0.0422294624	0.9865089247	18.0200608507
0.9871444804	0.0165084127	0.1589756183	1.1105514790
-0.0229991513	0.9989715435	0.0390754939	0.2015072679
0.0000000000	0.0000000000	0.0000000000	1.0000000000
135	135	136
-0.1321210857	-0.0491243785	0.9900155626	18.2254103247
0.9912323724	-0.0081096142	0.1318810758	1.0662226311
0.0015500684	0.9987597457	0.0497651252	0.2217803632
0.0000000000	0.0000000000	0.0000000000	1.0000000000
136	136	137
-0.1246450229	-0.0283284842	0.9917969123	18.4069251561
0.9918687890	-0.0294379043	0.1238132275	1.0083284643
0.0256889815	0.9991651049	0.0317674276	0.2120075768
0.0000000000	0.0000000000	0.0000000000	1.0000000000
137	137	138
-0.1482063488	-0.0341272968	0.9883674447	18.6040144197
0.9888759405	-0.0178667956	0.1476656763	0.9414729048
0.0126195287	0.9992577772	0.0363956353	0.2032827496
0.0000000000	0.0000000000	0.0000000000	1.0000000000
138	138	139
-0.1627475704	-0.0139721033	0.9865688058	18.7818317746
0.9862893149	-0.0299944768	0.1622766732	0.8724512915
0.0273242688	0.9994524059	0.0186620644	0.2102848095
0.0000000000	0.0000000000	0.0000000000	1.0000000000
139	139	140
-0.1743789787	-0.0072170961	0.9846521646	18.9718011523
0.9843937429	-0.0253295708	0.1741475576	0.8185209371
0.0236839770	0.9996531030	0.0115214089	0.1889526950
0.0000000000	0.0000000000	0.0000000000	1.0000000000
140	140	141
-0.1844261877	-0.0370245774	0.9821487474	19.2040971747
0.9827587435	-0.0202902005	0.1837758414	0.7623864384
0.0131237722	0.9991083467	0.0401282715	0.2057461946
0.0000000000	0.0000000000	0.0000000000	1.0000000000
141	141	142
-0.2037328705	-0.0298207184	0.9785722468	19.3994654177
0.9786760081	-0.0329473546	0.2027504451	0.6992554784
0.0261952029	0.9990121103	0.0358972807	0.2026409743
0.0000000000	0.0000000000	0.0000000000	1.0000000000
142	142	143
-0.2294231547	-0.0292595970	0.9728868855	19.6006823861
0.9732787291	0.0030352678	0.2296068438	0.6130173830
-0.0096711759	0.9995672379	0.0277813827	0.1860261440
0.0000000000	0.0000000000	0.0000000000	1.0000000000
143	143	144
-0.2581918131	-0.0131119936	0.9660046911	19.7922661754
0.9660115389	-0.0165422425	0.2579691085	0.5360920200
0.0125973945	0.9997771901	0.0169374087	0.1938848096
0.0000000000	0.0000000000	0.0000000000	1.0000000000
144	144	145
-0.2452973499	-0.0218527749	0.9692015613	19.9953474970
0.9693646466	0.0075721711	0.2455093567	0.4883723841
-0.0127040208	0.9997325235	0.0193258739	0.1786541138
0.0000000000	0.0000000000	0.0000000000	1.0000000000
145	145	146
-0.1982124093	-0.0160164493	0.9800282211	20.2300761403
0.9801360429	0.0036177770	0.1982933412	0.4305624013
-0.0067214788	0.9998651834	0.0149812109	0.1892267879
0.0000000000	0.0000000000	0.0000000000	1.0000000000
146	146	147
-0.1825165216	-0.0153481163	0.9830829846	20.4349172557
0.9830364019	-0.0212427647	0.1821762263	0.3471464951
0.0180873387	0.9996565312	0.0189649125	0.1899177033
0.0000000000	0.0000000000	0.0000000000	1.0000000000
147	147	148
-0.2313072642	-0.0350585261	0.9722488618	20.6466158217
0.9726032188	0.0155356004	0.2319517706	0.2406493471
-0.0232363570	0.9992645020	0.0305045381	0.1697541480
0.0000000000	0.0000000000	0.0000000000	1.0000000000
148	148	149
-0.2527594451	-0.0176238905	0.9673686275	20.8380510555
0.9674760098	-0.0150831139	0.2525127127	0.1376006582
0.0101406748	0.9997309129	0.0208630908	0.1879278836
0.0000000000	0.0000000000	0.0000000000	1.0000000000
149	149	150
-0.2239365532	-0.0340007446	0.9740104566	21.0581530747
0.9746035856	-0.0083463899	0.2237815649	0.0751181797
0.0005207312	0.9993869557	0.0350063094	0.1731980477
0.0000000000	0.0000000000	0.0000000000	1.0000000000
150	150	151
-0.1854764759	-0.0307122680	0.9821686380	21.2780302732
0.9826019554	-0.0155462957	0.1850721749	0.0071207907
0.0095850978	0.9994073590	0.0330614067	0.1900521746
0.0000000000	0.0000000000	0.0000000000	1.0000000000
151	151	152
-0.1521866335	-0.0243469308	0.9880518486	21.4876566163
0.9880042356	-0.0302564513	0.1514337401	-0.0858376143
0.0262079958	0.9992456025	0.0286594982	0.1878929342
0.0000000000	0.0000000000	0.0000000000	1.0000000000
152	152	153
-0.1688674020	-0.0364208623	0.9849656448	21.6925455113
0.9853749756	0.0168807955	0.1695617772	-0.1780566859
-0.0228025898	0.9991939549	0.0330375902	0.1844675351
0.0000000000	0.0000000000	0.0000000000	1.0000000000
153	153	154
-0.1824218787	-0.0136563971	0.9831255062	21.8824221388
0.9831489034	-0.0145876085	0.1822235866	-0.2735244228
0.0118529323	0.9998003323	0.0160873708	0.1987560882
0.0000000000	0.0000000000	0.0000000000	1.0000000000
154	154	155
-0.1506121973	-0.0243630120	0.9882926741	22.0937323492
0.9885904388	-0.0014709003	0.1506213155	-0.3414829160
-0.0022159089	0.9997020957	0.0243065762	0.1812568304
0.0000000000	0.0000000000	0.0000000000	1.0000000000
155	155	156
-0.1168372516	-0.0262323460	0.9928045732	22.2981602863
0.9931121729	-0.0119337177	0.1165581329	-0.4042865697
0.0087902563	0.9995846389	0.0274459649	0.2033031054
0.0000000000	0.0000000000	0.0000000000	1.0000000000
156	156	157
-0.0910741323	-0.0120146640	0.9957716356	22.4939653943
0.9956010233	-0.0231911204	0.0907787113	-0.4922946289
0.0220023842	0.9996588517	0.0140739230	0.1933795753
0.0000000000	0.0000000000	0.0000000000	1.0000000000
157	157	158
-0.1112174173	-0.0243692528	0.9934972701	22.6729201177
0.9937958953	-0.0033670824	0.1111682566	-0.5807793376
0.0006360998	0.9996973553	0.0245925416	0.1887551696
0.0000000000	0.0000000000	0.0000000000	1.0000000000
158	158	159
-0.1252964393	-0.0182285929	0.9919518742	22.8613022824
0.9919590954	-0.0202716546	0.1249248296	-0.6636216204
0.0178313019	0.9996283201	0.0206219847	0.2051356958
0.0000000000	0.0000000000	0.0000000000	1.0000000000
159	159	160
-0.1016687600	-0.0237194557	0.9945354949	23.0849368450
0.9946808445	-0.0190424188	0.1012294612	-0.7512922979
0.0165372537	0.9995372798	0.0255293074	0.1817178990
0.0000000000	0.0000000000	0.0000000000	1.0000000000
160	160	161
-0.0838270046	-0.0315167286	0.9959817916	23.3018209422
0.9961681034	-0.0276688275	0.0829671365	-0.8425003672
0.0249427956	0.9991201789	0.0337153547	0.1938137584
0.0000000000	0.0000000000	0.0000000000	1.0000000000
161	161	162
-0.1008820158	-0.0285567784	0.9944884762	23.5059326530
0.9942743915	-0.0382913140	0.0997607621	-0.9414667166
0.0352314245	0.9988584913	0.0322561784	0.1888148110
0.0000000000	0.0000000000	0.0000000000	1.0000000000
162	162	163
-0.1424253225	-0.0270165126	0.9894367769	23.6778671704
0.9897694156	0.0046542242	0.1426002878	-1.0258428911
-0.0084576231	0.9996241525	0.0260772385	0.1814355233
0.0000000000	0.0000000000	0.0000000000	1.0000000000
163	163	164
-0.1916467920	0.0002885009	0.9814639188	23.8679318880
0.9813991090	-0.0114393073	0.1916374994	-1.0940267564
0.0112825550	0.9999345274	0.0019091720	0.1884812705
0.0000000000	0.0000000000	0.0000000000	1.0000000000
164	164	165
-0.1915996556	-0.0239882518	0.9811799711	24.0904817729
0.9813755359	0.0094176911	0.1918680917	-1.1327593671
-0.0138430300	0.9996678803	0.0217370571	0.1730412210
0.0000000000	0.0000000000	0.0000000000	1.0000000000
165	165	166
-0.1753270542	-0.0289535048	0.9840844063	24.2949330536
0.9844477062	0.0061105883	0.1755715650	-1.1931546163
-0.0110967468	0.9995620818	0.0274318599	0.1904357014
0.0000000000	0.0000000000	0.0000000000	1.0000000000
166	166	167
-0.2019110670	-0.0208791616	0.9791812813	24.4678125295
0.9793180090	-0.0175412869	0.2015652265	-1.2887293004
0.0129675869	0.9996281128	0.0239891189	0.1770095476
0.0000000000	0.0000000000	0.0000000000	1.0000000000
167	167	168
-0.2097034989	-0.0408494159	0.9769113408	24.6779783526
0.9776491757	0.0066197696	0.2101386871	-1.3864794373
-0.0150509706	0.9991433850	0.0385482090	0.1794925437
0.0000000000	0.0000000000	0.0000000000	1.0000000000
168	168	169
-0.2260796665	-0.0079635301	0.9740762632	24.8548539667
0.9740508011	-0.0127614820	0.2259694258	-1.4705351826
0.0106311424	0.9998868570	0.0106419945	0.1835871756
0.0000000000	0.0000000000	0.0000000000	1.0000000000
169	169	170
-0.2030300967	-0.0272799869	0.9787924101	25.0679573769
0.9791385217	-0.0139834437	0.2027121568	-1.5352333550
0.0081569036	0.9995300224	0.0295499460	0.1675647664
0.0000000000	0.0000000000	0.0000000000	1.0000000000
170	170	171
-0.1568924912	-0.0045069176	0.9876054039	25.2860625124
0.9875567879	-0.0116370185	0.1568316627	-1.6100065271
0.0107859550	0.9999221307	0.0062765979	0.1737135326
0.0000000000	0.0000000000	0.0000000000	1.0000000000
171	171	172
-0.1702520151	-0.0052574763	0.9853865284	25.4751527530
0.9851134714	-0.0250445783	0.1700712132	-1.7029633633
0.0237844447	0.9996725104	0.0094431006	0.1620913122
0.0000000000	0.0000000000	0.0000000000	1.0000000000
172	172	173
-0.1895590280	-0.0285185051	0.9814550778	25.6545742629
0.9818617574	-0.0015807570	0.1895916418	-1.7791772351
-0.0038554282	0.9995920148	0.0283008763	0.1624302656
0.0000000000	0.0000000000	0.0000000000	1.0000000000
173	173	174
-0.2199247650	0.0025332650	0.9755135470	25.8253213708
0.9754149527	-0.0138812401	0.2199385849	-1.8259572473
0.0140985005	0.9999004419	0.0005818439	0.1746721188
0.0000000000	0.0000000000	0.0000000000	1.0000000000
174	174	175
-0.2046351732	-0.0125838757	0.9787574224	26.0464125947
0.9788365275	-0.0045414525	0.2045933228	-1.8736523542
0.0018704034	0.9999105066	0.0132468982	0.1553831576
0.0000000000	0.0000000000	0.0000000000	1.0000000000
175	175	176
-0.2074597219	0.0088649778	0.9782033919	26.2756125633
0.9777149214	-0.0309906066	0.2076369785	-1.9254467113
0.0321558137	0.9994803622	-0.0022381185	0.1726854152
0.0000000000	0.0000000000	0.0000000000	1.0000000000
176	176	177
-0.2324152829	0.0081610364	0.9725824046	26.4689817849
0.9719296162	-0.0356297166	0.2325582604	-2.0061710556
0.0365507519	0.9993317371	0.0003489377	0.1561026840
0.0000000000	0.0000000000	0.0000000000	1.0000000000
177	177	178
-0.2941412893	0.0060258648	0.9557429523	26.6555617225
0.9557608200	0.0003179373	0.2941447838	-2.0838101395
0.0014686104	0.9999817938	-0.0058528039	0.1590863193
0.0000000000	0.0000000000	0.0000000000	1.0000000000
178	178	179
-0.3448785350	0.0151262052	0.9385254360	26.8423245355
0.9382521681	-0.0234544814	0.3451561333	-2.1307026318
0.0272335299	0.9996104667	-0.0061032476	0.1661650140
0.0000000000	0.0000000000	0.0000000000	1.0000000000
179	179	180
-0.3372054641	-0.0087175663	0.9413907154	27.0640417208
0.9412722293	-0.0214905561	0.3369640133	-2.1873131450
0.0172935039	0.9997310438	0.0154523360	0.1530652019
0.0000000000	0.0000000000	0.0000000000	1.0000000000
180	180	181
-0.3447473592	0.0012300572	0.9386947029	27.2529585325
0.9377485851	-0.0444542720	0.3444581381	-2.2377977842
0.0421526929	0.9990106629	0.0141720085	0.1700947480
